0	0
0.0123259786144208	0.0126432610427349
0.0246555845148787	0.0252141859448762
0.0369910770059193	0.0377151566091963
0.0493323860156832	0.0501461930931426
0.0616794435056539	0.0625073131725855
0.0740321815664790	0.0747985369307624
0.0863905320848980	0.0870198865188902
0.0987544267511902	0.0991713861468236
0.111123797065227	0.111253062083661
0.123498574341779	0.123264942657448
0.135878689715845	0.135207058254638
0.148264074148024	0.147079441319212
0.160654658429896	0.158882126351376
0.173050373189445	0.170615149906130
0.185451148896488	0.182278550591320
0.197856915868137	0.193872369065455
0.210267604274281	0.205396648035261
0.222683144143080	0.216851432252766
0.235103465366482	0.228236768512308
0.247528497705754	0.239552705646733
0.259958170797030	0.250799294524054
0.272392414156869	0.261976588042891
0.284831157187825	0.273084641128368
0.297274329184031	0.284123510727145
0.309721859336788	0.295093255802452
0.322173676740161	0.305993937328712
0.334629710396587	0.316825618285769
0.347089889222477	0.327588363652934
0.359554142053830	0.338282240402552
0.372022397651848	0.348907317493460
0.384494584708544	0.359463665864035
0.396970631852352	0.369951358424867
0.409450467653744	0.380370470051221
0.421934020630824	0.390721077575170
0.434421219254930	0.401003259777464
0.446911991956225	0.411217097378978
0.459406267129283	0.421362673031930
0.471903973138651	0.431440071310911
0.484405038324418	0.441449378703583
0.496909391007761	0.451390683600843
0.509416959496478	0.461264076286881
0.521927672090501	0.471069648929314
0.534441457087405	0.480807495568189
0.546958242787879	0.490477712105609
0.559477957501197	0.500080396294483
0.572000529550652	0.509615647727311
0.584525887278977	0.519083567824426
0.597053959053737	0.528484259822361
0.609584673272697	0.537817828761521
0.622117958369165	0.547084381474085
0.634653742817306	0.556284026570974
0.647191955137423	0.565416874429462
0.659732523901214	0.574483037179683
0.672275377736993	0.583482628691267
0.684820445334879	0.592415764560187
0.697367655451953	0.601282562094347
0.709916936917374	0.610083140299979
0.722468218637463	0.618817619866740
0.735021429600750	0.627486123154172
0.747576498882979	0.636088774176073
0.760133355652073	0.644625698586052
0.772691929173061	0.653097023662024
0.785252148812960	0.661502878291300
0.797813944045617	0.669843392954905
0.810377244456501	0.678118699711535
0.822941979747455	0.686328932181933
0.835508079741401	0.694474225532785
0.848075474386994	0.702554716460270
0.860644093763235	0.710570543173600
0.873213868084024	0.718521845378797
0.885784727702676	0.726408764261075
0.898356603116377	0.734231442468887
0.910929424970590	0.741990024095976
0.923503124063410	0.749684654664629
0.936077631349867	0.757315481107935
0.948652877946171	0.764882651752593
0.961228795133905	0.772386316301073
0.973805314364164	0.779826625813629
0.986382367261630	0.787203732690748
0.998959885628600	0.794517790655018
1.01153780144896	0.801768954732413
1.02411604689206	0.808957381235074
1.03669455431662	0.816083227742093
1.04927325627446	0.823146653081340
1.06185208551429	0.830147817310818
1.07443097498530	0.837086881700522
1.08700985784087	0.843964008712827
1.09958866744203	0.850779361984496
1.11216733736099	0.857533106307619
1.12474580138456	0.864225407610383
1.13732399351749	0.870856432938172
1.14990184798582	0.877426350434847
1.16247929924006	0.883935329323542
1.17505628195836	0.890383539887001
1.18763273104969	0.896771153449250
1.20020858165681	0.903098342355847
1.21278376915928	0.909365279954532
1.22535822917637	0.915572140576391
1.23793189756993	0.921719099516358
1.25050471044715	0.927806333013794
1.26307660416329	0.933834018233520
1.27564751532436	0.939802333245803
1.28821738078968	0.945711457008207
1.30078613767443	0.951561569344757
1.31335372335210	0.957352850928161
1.32592007545689	0.963085483259459
1.33848513188604	0.968759648649112
1.35104883080212	0.974375530197925
1.36361111063518	0.979933311777530
1.37617191008496	0.985433178011316
1.38873116812290	0.990875314255279
1.40128882399417	0.996259906578966
1.41384481721963	1.00158714174624
1.42639908759769	1.00685720719660
1.43895157520614	1.01207029102575
1.45150222040388	1.01722658196694
1.46405096383264	1.02232626937236
1.47659774641857	1.02736954319384
1.48914250937383	1.03235659396471
1.50168519419810	1.03728761278043
1.51422574267995	1.04216279128075
1.52676409689830	1.04698232163121
1.53930019922369	1.05174639650395
1.55183399231952	1.05645520906006
1.56436541914326	1.06110895293177
1.57689442294758	1.06570782220299
1.58942094728143	1.07025201139249
1.60194493599103	1.07474171543589
1.61446633322080	1.07917712966679
1.62698508341432	1.08355844980067
1.63950113131510	1.08788587191572
1.65201442196737	1.09215959243634
1.66452490071683	1.09637980811563
1.67703251321126	1.10054671601785
1.68953720540117	1.10466051350131
1.70203892354033	1.10872139820156
1.71453761418625	1.11272956801469
1.72703322420062	1.11668522108034
1.73952570074975	1.12058855576451
1.75201499130480	1.12443977064462
1.76450104364215	1.12823906449150
1.77698380584358	1.13198663625401
1.78946322629643	1.13568268504323
1.80193925369378	1.13932741011566
1.81441183703444	1.14292101085858
1.82688092562305	1.14646368677329
1.83934646906998	1.14995563746021
1.85180841729132	1.15339706260394
1.86426672050869	1.15678816195735
1.87672132924913	1.16012913532653
1.88917219434482	1.16342018255708
1.90161926693285	1.16666150351807
1.91406249845491	1.16985329808771
1.92650184065690	1.17299576613987
1.93893724558857	1.17608910752894
1.95136866560305	1.17913352207586
1.96379605335636	1.18212920955478
1.97621936180690	1.18507636967894
1.98863854421486	1.18797520208713
2.00105355414162	1.19082590632975
2.01346434544909	1.19362868185661
2.02587087229902	1.19638372800333
2.03827308915226	1.19909124397828
2.05067095076801	1.20175142884999
2.06306441220301	1.20436448153481
2.07545342881067	1.20693060078401
2.08783795624024	1.20944998517207
2.10021795043583	1.21192283308456
2.11259336763552	1.21434934270576
2.12496416437036	1.21672971200725
2.13733029746333	1.21906413873708
2.14969172402832	1.22135282040707
2.16204840146903	1.22359595428264
2.17440028747786	1.22579373737125
2.18674734003477	1.22794636641177
2.19908951740611	1.23005403786393
2.21142677814342	1.23211694789768
2.22375908108218	1.23413529238235
2.23608638534057	1.23610926687775
2.24840865031818	1.23803906662281
2.26072583569469	1.23992488652656
2.27303790142853	1.24176692115838
2.28534480775551	1.24356536473811
2.29764651518747	1.24532041112744
2.30994298451082	1.24703225382020
2.32223417678511	1.24870108593338
2.33452005334158	1.25032710019899
2.34680057578170	1.25191048895439
2.35907570597563	1.25345144413496
2.37134540606071	1.25495015726468
2.38360963843991	1.25640681944881
2.39586836578029	1.25782162136607
2.40812155101137	1.25919475325973
2.42036915732358	1.26052640493106
2.43261114816660	1.26181676573137
2.44484748724774	1.26306602455478
2.45707813853028	1.26427436983096
2.46930306623180	1.26544198951864
2.48152223482251	1.26656907109790
2.49373560902352	1.26765580156412
2.50594315380513	1.26870236742165
2.51814483438514	1.26970895467639
2.53034061622703	1.27067574883096
2.54253046503828	1.27160293487762
2.55471434676856	1.27249069729279
2.56689222760796	1.27333922003174
2.57906407398517	1.27414868652115
2.59122984712034	1.27491919710895
2.60338952494720	1.27565109943009
2.61554306890378	1.27634449256054
2.62769044646346	1.27699955777617
2.63983162522078	1.27761647578920
2.65196657299799	1.27819542675396
2.66409525784315	1.27873659026303
2.67621764802823	1.27924014534149
2.68833371204729	1.27970627044379
2.70044341861456	1.28013514344884
2.71254673666255	1.28052694165620
2.72464363534023	1.28088184178269
2.73673408401102	1.28120001995731
2.74881805225100	1.28148165171979
2.76089550984691	1.28172691201426
2.77296642679431	1.28193597518872
2.78503077329563	1.28210901498972
2.79708851975827	1.28224620456030
2.80913963679266	1.28234771643658
2.82118409521035	1.28241372254540
2.83322186602210	1.28244439420114
2.84525292043593	1.28243990210269
2.85727722985519	1.28240041633210
2.86929476587666	1.28232610635173
2.88130550028861	1.28221714100085
2.89330940506882	1.28207368849560
2.90530645238276	1.28189591642533
2.91729661458153	1.28168399175135
2.92927986420005	1.28143808080520
2.94125617395504	1.28115834928636
2.95322551674315	1.28084496226140
2.96518786563902	1.28049808416175
2.97714319389335	1.28011787878357
2.98909147493099	1.27970450928490
3.00103268234901	1.27925813818588
3.01296678991480	1.27877892736679
3.02489377156415	1.27826703806763
3.03681360139933	1.27772263088687
3.04872625368721	1.27714586578101
3.06063170285736	1.27653690206379
3.07252992350009	1.27589589840590
3.08442089036468	1.27522301283356
3.09630457835737	1.27451840272990
3.10818096631391	1.27378229702565
3.12005002194712	1.27301470712881
3.13191172425577	1.27221586097129
3.14376604885051	1.27138591336882
3.15561297139389	1.27052501847638
3.16745246769486	1.26963332980898
3.17928451370637	1.26871100023705
3.19110908552346	1.26775818198797
3.20292615938146	1.26677502664464
3.21473571165414	1.26576168514741
3.22653771885193	1.26471830779384
3.23833215762004	1.26364504424035
3.25011900473673	1.26254204350148
3.26189823711146	1.26140945395204
3.27366983178313	1.26024742332719
3.28543376591830	1.25905609872374
3.29719001680938	1.25783562660056
3.30893856187293	1.25658615278075
3.32067937864784	1.25530782245185
3.33241244479365	1.25400078016788
3.34413773808876	1.25266516984959
3.35585523642874	1.25130113478640
3.36756491782458	1.24990881763855
3.37926676040103	1.24848836043729
3.39096074239485	1.24703990458676
3.40264684215314	1.24556359086673
3.41432503813170	1.24405955943294
3.42599530889331	1.24252794981869
3.43765763310612	1.24096890093851
3.44931198954195	1.23938255108804
3.46095835707473	1.23776903794668
3.47259671467880	1.23612849857968
3.48422704142735	1.23446106944007
3.49584931649080	1.23276688637047
3.50746351913521	1.23104608460648
3.51906962872072	1.22929879877636
3.53066762469995	1.22752516290581
3.54225748661650	1.22572531041909
3.55383919410333	1.22389937414102
3.56541272688130	1.22204748630049
3.57697806475764	1.22016977853175
3.58853518762443	1.21826638187809
3.60008407545710	1.21633742679304
3.61162470831298	1.21438304314389
3.62315706632980	1.21240336021381
3.63468112972429	1.21039850670524
3.64619687879067	1.20836861074191
3.65770429389929	1.20631379987141
3.66920335549519	1.20423420106931
3.68069404409669	1.20212994073983
3.69217634029401	1.20000114472153
3.70365022474794	1.19784793828727
3.71511567818842	1.19567044614941
3.72657268141324	1.19346879246202
3.73802121528673	1.19124310082350
3.74946126073837	1.18899349428039
3.76089279876159	1.18672009533030
3.77231581041242	1.18442302592457
3.78373027680824	1.18210240747172
3.79513617912655	1.17975836084185
3.80653349860370	1.17739100636786
3.81792221653369	1.17500046384984
3.82930231426696	1.17258685255891
3.84067377320922	1.17015029123955
3.85203657482023	1.16769089811338
3.86339070061270	1.16520879088292
3.87473613215110	1.16270408673468
3.88607285105057	1.16017690234332
3.89740083897581	1.15762735387349
3.90872007763999	1.15505555698560
3.92003054880365	1.15246162683785
3.93133223427372	1.14984567809104
3.94262511590238	1.14720782491052
3.95390917558614	1.14454818097197
3.96518439526477	1.14186685946300
3.97645075692035	1.13916397308904
3.98770824257631	1.13643963407496
3.99895683429646	1.13369395417128
4.01019651418411	1.13092704465532
4.02142726438111	1.12813901633722
4.03264906706701	1.12532997956231
4.04386190445814	1.12250004421654
4.05506575880684	1.11964931972908
4.06626061240055	1.11677791507705
4.07744644756105	1.11388593878915
4.08862324664369	1.11097349894953
4.09979099203658	1.10804070320292
4.11094966615986	1.10508765875655
4.12209925146501	1.10211447238694
4.13323973043410	1.09912125044199
4.14437108557918	1.09610809884614
4.15549329944152	1.09307512310364
4.16660635459110	1.09002242830418
4.17771023362592	1.08695011912563
4.18880491917141	1.08385829983946
4.19989039387994	1.08074707431328
4.21096664043017	1.07761654601862
4.22203364152665	1.07446681803049
4.23309137989925	1.07129799303653
4.24413983830276	1.06811017333727
4.25517899951635	1.06490346085385
4.26620884634329	1.06167795712972
4.27722936161046	1.05843376333751
4.28824052816801	1.05517098028182
4.29924232888907	1.05188970840404
4.31023474666938	1.04859004778784
4.32121776442709	1.04527209816247
4.33219136510240	1.04193595890849
4.34315553165747	1.03858172906055
4.35411024707611	1.03520950731527
4.36505549436369	1.03181939203193
4.37599125654697	1.02841148124033
4.38691751667403	1.02498587264446
4.39783425781417	1.02154266362628
4.40874146305785	1.01808195125221
4.41963911551676	1.01460383227591
4.43052719832375	1.01110840314542
4.44140569463297	1.00759576000654
4.45227458761991	1.00406599870776
4.46313386048153	1.00051921480545
4.47398349643644	0.996955503569056
4.48482347872508	0.993374959985383
4.49565379060995	0.989777678764707
4.50647441537592	0.986163754343974
4.51728533633044	0.982533280894108
4.52808653680398	0.978886352323540
4.53887800015038	0.975223062283461
4.54965970974724	0.971543504173265
4.56043164899640	0.967847771146276
4.57119380132447	0.964135956114096
4.58194615018334	0.960408151751711
4.59268867905075	0.956664450503168
4.60342137143096	0.952904944588353
4.61414421085538	0.949129726004816
4.62485718088331	0.945338886536196
4.63556026510270	0.941532517756901
4.64625344713092	0.937710711036067
4.65693671061566	0.933873557545374
4.66761003923580	0.930021148262927
4.67827341670237	0.926153573979377
4.68892682675953	0.922270925302774
4.69957025318563	0.918373292665322
4.71020367979431	0.914460766328171
4.72082709043564	0.910533436387516
4.73144046899735	0.906591392780175
4.74204379940605	0.902634725289337
4.75263706562854	0.898663523549784
4.76322025167323	0.894677877055469
4.77379334159151	0.890677875163042
4.78435631947925	0.886663607099541
4.79490916947835	0.882635161967431
4.80545187577835	0.878592628751518
4.81598442261804	0.874536096323771
4.82650679428727	0.870465653449870
4.83701897512865	0.866381388795761
4.84752094953948	0.862283390933962
4.85801270197362	0.858171748348138
4.86849421694348	0.854046549441606
4.87896547902213	0.849907882542262
4.88942647284534	0.845755835909106
4.89987718311383	0.841590497738766
4.91031759459554	0.837411956171943
4.92074769212794	0.833220299299583
4.93116746062047	0.829015615170644
4.94157688505704	0.824797991797155
4.95197595049858	0.820567517160858
4.96236464208569	0.816324279221705
4.97274294504138	0.812068365922179
4.98311084467389	0.807799865196209
4.99346832637959	0.803518864974634
5.00381537564590	0.799225453192267
5.01415197805448	0.794919717796053
5.02447811928425	0.790601746750260
5.03479378511474	0.786271628044898
5.04509896142937	0.781929449702091
5.05539363421891	0.777575299783862
5.06567778958500	0.773209266398428
5.07595141374378	0.768831437709069
5.08621449302957	0.764441901939738
5.09646701389876	0.760040747383616
5.10670896293368	0.755628062409917
5.11694032684664	0.751203935472212
5.12716109248407	0.746768455115123
5.13737124683078	0.742321709982125
5.14757077701428	0.737863788825113
5.15775967030923	0.733394780508356
5.16793791414206	0.728914774020531
5.17810549609563	0.724423858479841
5.18826240391403	0.719922123143113
5.19840862550752	0.715409657413699
5.20854414895759	0.710886550849911
5.21866896252209	0.706352893171996
5.22878305464059	0.701808774272538
5.23888641393974	0.697254284222697
5.24897902923884	0.692689513281490
5.25906088955557	0.688114551904619
5.26913198411175	0.683529490752562
5.27919230233932	0.678934420699357
5.28924183388643	0.674329432841317
5.29928056862371	0.669714618505828
5.30930849665056	0.665090069259871
5.31932560830179	0.660455876919921
5.32933189415417	0.655812133559398
5.33932734503335	0.651158931519634
5.34931195202078	0.646496363417180
5.35928570646083	0.641824522154620
5.36924859996812	0.637143500928954
5.37920062443490	0.632453393241677
5.38914177203871	0.627754292906988
5.39907203525010	0.623046294063598
5.40899140684061	0.618329491182474
5.41889987989084	0.613603979076325
5.42879744779873	0.608869852912212
5.43868410428801	0.604127208217866
5.44855984341683	0.599376140894387
5.45842465958653	0.594616747225037
5.46827854755067	0.589849123885135
5.47812150242415	0.585073367954637
5.48795351969258	0.580289576923942
5.49777459522181	0.575497848710013
5.50758472526767	0.570698281662123
5.51738390648585	0.565890974575042
5.52717213594207	0.561076026699372
5.53694941112237	0.556253537750942
5.54671572994356	0.551423607923708
5.55647109076403	0.546586337899811
5.56621549239458	0.541741828859623
5.57594893410959	0.536890182494365
5.58567141565831	0.532031501017126
5.59538293727642	0.527165887173588
5.60508349969777	0.522293444253728
5.61477310416636	0.517414276102677
5.62445175244846	0.512528487134196
5.63411944684509	0.507636182339854
5.64377619020455	0.502737467302294
5.65342198593529	0.497832448207473
5.66305683801896	0.492921231854294
5.67268075102373	0.488003925670515
5.68229373011771	0.483080637720014
5.69189578108276	0.478151476719789
5.70148691032840	0.473216552048380
5.71106712490602	0.468275973760165
5.72063643252329	0.463329852598100
5.73019484155882	0.458378300004620
5.73974236107704	0.453421428135878
5.74927900084327	0.448459349873435
5.75880477133914	0.443492178837018
5.76831968377809	0.438520029398312
5.77782375012124	0.433543016692600
5.78731698309340	0.428561256633014
5.79679939619938	0.423574865921657
5.80627100374045	0.418583962065313
5.81573182083114	0.413588663386687
5.82518186341617	0.408589089038337
5.83462114828767	0.403585359015639
5.84404969310259	0.398577594171818
5.85346751640044	0.393565916227833
5.86287463762107	0.388550447790370
5.87227107712285	0.383531312360928
5.88165685620100	0.378508634353921
5.89103199710611	0.373482539106442
5.90039652306295	0.368453152893649
5.90975045828943	0.363420602943092
5.91909382801581	0.358385017447887
5.92842665850409	0.353346525579907
5.93774897706764	0.348305257504897
5.94706081209099	0.343261344394474
5.95636219304982	0.338214918443236
5.96565315053120	0.333166112879157
5.97493371625388	0.328115061979805
5.98420392308894	0.323061901084711
5.99346380508044	0.318006766612361
6.00271339746637	0.312949796069555
6.01195273669966	0.307891128070222
6.02118186046940	0.302830902345144
6.03040080772219	0.297769259759064
6.03960961868363	0.292706342323452
6.04880833487990	0.287642293209803
6.05799699915951	0.282577256764501
6.06717565571515	0.277511378522208
6.07634435010559	0.272444805220172
6.08550312927772	0.267377684811019
6.09465204158864	0.262310166478465
6.10379113682785	0.257242400648191
6.11292046623940	0.252174539003249
6.12204008254417	0.247106734498244
6.13115003996220	0.242039141370497
6.14025039423490	0.236971915155707
6.14934120264735	0.231905212699556
6.15842252405058	0.226839192171553
6.16749441888380	0.221774013079391
6.17655694919657	0.216709836278586
6.18561017867093	0.211646823988597
6.19465417264338	0.206585139803478
6.20368899812682	0.201524948706387
6.21271472383238	0.196466417078703
6.22173142019099	0.191409712715779
6.23073915937496	0.186355004836719
6.23973801531920	0.181302464097177
6.24872806374236	0.176252262600696
6.25770938216770	0.171204573909509
6.26668204994366	0.166159573057360
6.27564614826426	0.161117436559596
6.28460176018906	0.156078342423226
6.29354897066294	0.151042470159118
6.30248786653541	0.146010000790305
6.31141853657962	0.140981116863937
6.32034107151095	0.135956002459674
6.32925556400509	0.130934843199499
6.33816210871581	0.125917826257090
6.34706080229208	0.120905140366400
6.35595174339481	0.115896975830052
6.36483503271291	0.110893524527875
6.37371077297890	0.105894979924004
6.38257906898384	0.100901537075338
6.39144002759159	0.0959133926372280
6.40029375775247	0.0909307448721579
6.40914037051616	0.0859537936540099
6.41797997904387	0.0809827404742771
6.42681269861974	0.0760177884489489
6.43563864666151	0.0710591423220013
6.44445794273018	0.0661070084706325
6.45327070853897	0.0611615949083181
6.46207706796125	0.0562231112905408
6.47087714703759	0.0512917689154342
6.47967107398181	0.0463677807283560
6.48845897918608	0.0414513613226632
6.49724099522482	0.0365427269418969
6.50601725685767	0.0316420954811512
6.51478790103127	0.0267496864862170
6.52355306687994	0.0218657211544698
6.53231289572505	0.0169904223347921
6.54106753107334	0.0121240145247259
6.54981711861387	0.00726672387051914
6.55856180621370	0.00241877816172647
6.56730174391229	-0.00241959316770636
6.57603708391448	-0.00724815904773276
6.58476798058215	-0.0120666867730043
6.59349459042446	-0.0168749420099159
6.60221707208653	-0.0216726888016639
6.61093558633684	-0.0264596895749806
6.61965029605290	-0.0312357051459521
6.62836136620561	-0.0360004947303279
6.63706896384191	-0.0407538159488921
6.64577325806584	-0.0454954248401484
6.65447442001811	-0.0502250758667418
6.66317262285395	-0.0549425219280479
6.67186804171925	-0.0596475143728980
6.68056085372526	-0.0643398030077946
6.68925123792125	-0.0690191361139600
6.69793937526579	-0.0736852604580991
6.70662544859610	-0.0783379213089044
6.71530964259578	-0.0829768624497002
6.72399214376070	-0.0876018261977017
6.73267314036327	-0.0922125534176163
6.74135282241475	-0.0968087835414276
6.75003138162602	-0.101390254584554
6.75870901136641	-0.105956703167024
6.76738590662083	-0.110507864532587
6.77606226394518	-0.115043472567769
6.78473828141987	-0.119563259826083
6.79341415860177	-0.124066957546668
6.80209009647426	-0.128554295681331
6.81076629739562	-0.133025002913769
6.81944296504571	-0.137478806688420
6.82812030437096	-0.141915433232168
6.83679852152764	-0.146334607581829
6.84547782382356	-0.150736053610196
6.85415841965807	-0.155119494054007
6.86284051846053	-0.159484650542592
6.87152433062719	-0.163831243624527
6.88021006745654	-0.168158992799130
6.88889794108319	-0.172467616546559
6.89758816441033	-0.176756832356976
6.90628095104073	-0.181026356764724
6.91497651520643	-0.185275905376981
6.92367507169718	-0.189505192910635
6.93237683578748	-0.193713933221867
6.94108202316260	-0.197901839342615
6.94979084984335	-0.202068623514478
6.95850353210981	-0.206213997222332
6.96722028642405	-0.210337671232616
6.97594132935194	-0.214439355627053
6.98466687748399	-0.218518759840922
6.99339714735548	-0.222575592698365
7.00213235536584	-0.226609562451571
7.01087271769731	-0.230620376817181
7.01961845023305	-0.234607743015812
7.02836976847481	-0.238571367809475
7.03712688746005	-0.242510957542096
7.04589002167886	-0.246426218175839
7.05465938499048	-0.250316855334204
7.06343519053982	-0.254182574338363
7.07221765067366	-0.258023080250248
7.08100697685708	-0.261838077909400
7.08980337958985	-0.265627271976350
7.09860706832297	-0.269390366969158
7.10741825137560	-0.273127067308449
7.11623713585222	-0.276837077353182
7.12506392756024	-0.280520101445119
7.13389883092822	-0.284175843946103
7.14274204892467	-0.287804009280270
7.15159378297748	-0.291404301974035
7.16045423289423	-0.294976426694912
7.16932359678336	-0.298520088293835
7.17820207097630	-0.302034991842934
7.18708984995059	-0.305520842676297
7.19598712625425	-0.308977346428338
7.20489409043122	-0.312404209072988
7.21381093094825	-0.315801136963343
7.22273783412296	-0.319167836869183
7.23167498405355	-0.322504016015071
7.24062256254988	-0.325809382117336
7.24958074906618	-0.329083643422308
7.25854972063546	-0.332326508741188
7.26752965180556	-0.335537687488109
7.27652071457707	-0.338716889714717
7.28552307834302	-0.341863826144191
7.29453690983050	-0.344978208206977
7.30356237304426	-0.348059748074319
7.31259962921227	-0.351108158690451
7.32164883673335	-0.354123153806183
7.33071015112694	-0.357104448009393
7.33978372498490	-0.360051756757210
7.34886970792560	-0.362964796405056
7.35796824655013	-0.365843284236987
7.36707948440081	-0.368686938494873
7.37620356192189	-0.371495478404313
7.38534061642261	-0.374268624203982
7.39449078204249	-0.377006097170201
7.40365418971902	-0.379707619643109
7.41283096715756	-0.382372915051636
7.42202123880370	-0.385001707936134
7.43122512581789	-0.387593723972207
7.44044274605239	-0.390148689991140
7.44967421403063	-0.392666334002374
7.45891964092883	-0.395146385213321
7.46817913455999	-0.397588574048825
7.47745279936012	-0.399992632167124
7.48674073637687	-0.402358292481032
7.49604304326026	-0.404685289170692
7.50535981425584	-0.406973357702704
7.51469114019995	-0.409222234840982
7.52403710851722	-0.411431658663526
7.53339780322016	-0.413601368573817
7.54277330491102	-0.415731105312776
7.55216369078557	-0.417820610970208
7.56156903463905	-0.419869628994358
7.57098940687408	-0.421877904201454
7.58042487451053	-0.423845182784958
7.58987550119730	-0.425771212321654
7.59934134722604	-0.427655741778361
7.60882246954659	-0.429498521519193
7.61831892178428	-0.431299303310042
7.62783075425890	-0.433057840321107
7.63735801400533	-0.434773887133474
7.64690074479585	-0.436447199738937
7.65645898716391	-0.438077535543679
7.66603277842947	-0.439664653368268
7.67562215272575	-0.441208313449315
7.68522714102737	-0.442708277438103
7.69484777117982	-0.444164308400286
7.70448406793023	-0.445576170814535
7.71413605295924	-0.446943630570445
7.72380374491417	-0.448266454963860
7.73348715944313	-0.449544412696683
7.74318630923032	-0.450777273870131
7.75290120403211	-0.451964809981351
7.76263185071424	-0.453106793918456
7.77237825328969	-0.454202999954615
7.78214041295749	-0.455253203741994
7.79191832814215	-0.456257182306360
7.80171199453389	-0.457214714037437
7.81152132884420	-0.458125580112106
7.82134647388045	-0.458989559066935
7.83118734125338	-0.459806434571644
7.84104391608577	-0.460575990309031
7.85091618101934	-0.461298011380854
7.86080411621339	-0.461972284204531
7.87070769938870	-0.462598596505638
7.88062690587124	-0.463176737305714
7.89056170863618	-0.463706496914562
7.90051207835197	-0.464187666918597
7.91047798342456	-0.464620040172455
7.92045939004175	-0.465003410786757
7.93045626221759	-0.465337574118856
7.94046856183669	-0.465622326760842
7.95049624869864	-0.465857466530561
7.96053928056224	-0.466042792458650
7.97059761318963	-0.466178104779671
7.98067120039035	-0.466263204918874
7.99075999406516	-0.466297895483480
8.00086394424966	-0.466281980249684
8.01098299915768	-0.466215264152739
8.02111710522439	-0.466097553274886
8.03126620714911	-0.465928654836106
8.04143024793785	-0.465708377181102
8.05160916894538	-0.465436529769302
8.06180290991710	-0.465112923164484
8.07201140903032	-0.464737369023052
8.08223460293532	-0.464309680084225
8.09247242679581	-0.463829670159059
8.10272481432904	-0.463297154120351
8.11299169784542	-0.462711947890919
8.12327300828763	-0.462073868436695
8.13356867526920	-0.461382733753556
8.14387862711271	-0.460638362858521
8.15420279088730	-0.459840575781362
8.16454109244575	-0.458989193553491
8.17489352642527	-0.458084024685835
8.18525987546687	-0.457124919071732
8.19564013385965	-0.456111687173951
8.20603422176517	-0.455044154122292
8.21644205973046	-0.453922145799571
8.22686356705146	-0.452745489066812
8.23729866205763	-0.451514011725444
8.24774726213722	-0.450227542512543
8.25820928377004	-0.448885911091944
8.26868464255869	-0.447488948048153
8.27917325325926	-0.446036484878496
8.28967502981140	-0.444528353987931
8.30018988536780	-0.442964388680806
8.31071773232309	-0.441344423156417
8.32125848234215	-0.439668292501909
8.33181204638779	-0.437935832688242
8.34237833474785	-0.436146880563289
8.35295725706177	-0.434301273848000
8.36354872234645	-0.432398851131101
8.37415263902172	-0.430439451864422
8.38476891493502	-0.428422916359744
8.39539745738570	-0.426349085784111
8.40603817314858	-0.424217802156001
8.41669096849715	-0.422028908343074
8.42735574922603	-0.419782248057460
8.43803242067297	-0.417477665854527
8.44872088774032	-0.415115007129432
8.45942105491594	-0.412694118115601
8.47013282629361	-0.410214845881576
8.48085610559284	-0.407677038330912
8.49159079617831	-0.405080544199257
8.50233680107867	-0.402425213053966
8.51309402300491	-0.399710895293067
8.52386236436826	-0.396937442144167
8.53464172729754	-0.394104705665024
8.54543201365611	-0.391212538742516
8.55623312505832	-0.388260795092978
8.56704496288552	-0.385249329262445
8.57786742830158	-0.382177996627654
8.58870042226805	-0.379046653396457
8.59954384555885	-0.375855156609088
8.61039759877448	-0.372603364139579
8.62126158235598	-0.369291134697064
8.63213569659824	-0.365918327827066
8.64301984166323	-0.362484803914630
8.65391391759252	-0.358990424185763
8.66481782431968	-0.355435050709984
8.67573146168212	-0.351818546402793
8.68665472943275	-0.348140775028354
8.69758752725112	-0.344401601203607
8.70852975475432	-0.340600890399426
8.71948131150753	-0.336738508946658
8.73044209703421	-0.332814324037275
8.74141201082599	-0.328828203729325
8.75239095235227	-0.324780016951252
8.76337882106947	-0.320669633504981
8.77437551643005	-0.316496924070961
8.78538093789117	-0.312261760212440
8.79639498492317	-0.307964014379794
8.80741755701763	-0.303603559915771
8.81844855369534	-0.299180271060395
8.82948787451388	-0.294694022955218
8.84053541907503	-0.290144691649610
8.85159108703186	-0.285532154105479
8.86265477809572	-0.280856288202726
8.87372639204282	-0.276116972745390
8.88480582872079	-0.271314087466468
8.89589298805483	-0.266447513034816
8.90698777005380	-0.261517131060399
8.91809007481605	-0.256522824099713
8.92919980253508	-0.251464475663973
8.94031685350493	-0.246341970223093
8.95144112812553	-0.241155193213601
8.96257252690776	-0.235904031044288
8.97371095047840	-0.230588371103001
8.98485629958485	-0.225208101763574
8.99600847509978	-0.219763112391820
9.00716737802558	-0.214253293352302
9.01833290949864	-0.208678536015961
9.02950497079352	-0.203038732766172
9.04068346332702	-0.197333777006146
9.05186828866201	-0.191563563165930
9.06305934851125	-0.185727986708636
9.07425654474098	-0.179826944138943
9.08545977937454	-0.173860333008473
9.09666895459567	-0.167828051924682
9.10788397275191	-0.161730000556927
9.11910473635776	-0.155566079643995
9.13033114809778	-0.149336191001188
9.14156311082963	-0.143040237527942
9.15280052758693	-0.136678123214566
9.16404330158215	-0.130249753150272
9.17529133620928	-0.123755033529254
9.18654453504657	-0.117193871659678
9.19780280185906	-0.110566175968979
9.20906604060110	-0.103871856013039
9.22033415541882	-0.0971108224818552
9.23160705065244	-0.0902829872079442
9.24288463083868	-0.0833882631730218
9.25416680071289	-0.0764265645154765
9.26545346521134	-0.0693978065370315
9.27674452947329	-0.0623019057105961
9.28803989884314	-0.0551387796873833
9.29933947887239	-0.0479083473030763
9.31064317532167	-0.0406105285859704
9.32195089416269	-0.0332452447638318
9.33326254158009	-0.0258124182699723
9.34457802397340	-0.0183119727513455
9.35589724795874	-0.0107438330745233
9.36722012037070	-0.00310792533326537
9.37854654826407	0.00459582314534280
9.38987643891555	0.0123674837940652
9.40120969982545	0.0202071267983756
9.41254623871938	0.0281148210907045
9.42388596354986	0.0360906343430735
9.43522878249796	0.0441346329615887
9.44657460397488	0.0522468820791245
9.45792333662357	0.0604274455498432
9.46927488932022	0.0686763859426352
9.48062917117583	0.0769937645350881
9.49198609153775	0.0853796413075801
9.50334555999117	0.0938340749369083
9.51470748636060	0.102357122791238
9.52607178071139	0.110948840923595
9.53743835335117	0.119609284066868
9.54880711483132	0.128338505627429
9.56017797594842	0.137136557680859
9.57155084774568	0.146003490965558
9.58292564151441	0.154939354878052
9.59430226879543	0.163944197467876
9.60568064138047	0.173018065432359
9.61706067131362	0.182161004111754
9.62844227089276	0.191373057485038
9.63982535267091	0.200654268164086
9.65120982945770	0.210004677390130
9.66259561432076	0.219424325029403
9.67398262058710	0.228913249567832
9.68537076184454	0.238471488107992
9.69675995194312	0.248099076364417
9.70815010499647	0.257796048659886
9.71954113538326	0.267562437921723
9.73093295774856	0.277398275678067
9.74232548700527	0.287303592054272
9.75371863833551	0.297278415769628
9.76511232719207	0.307322774134195
9.77650646929976	0.317436693045623
9.78790098065686	0.327620196986026
9.79929577753652	0.337873309019571
9.81069077648820	0.348196050789462
9.82208589433903	0.358588442515279
9.83348104819530	0.369050502991176
9.84487615544385	0.379582249583117
9.85627113375348	0.390183698226636
9.86766590107640	0.400854863425747
9.87906037564966	0.411595758250003
9.89045447599658	0.422406394333826
9.90184812092816	0.433286781874375
9.91324122954456	0.444236929630410
9.92463372123650	0.455256844921145
9.93602551568673	0.466346533625081
9.94741653287145	0.477506000179280
9.95880669306176	0.488735247578336
9.97019591682512	0.500034277374075
9.98158412502676	0.511403089675055
9.99297123883119	0.522841683146069
10.0043571797036	0.534350055008351
10.0157418694112	0.545928201039328
10.0271252300250	0.557576115572877
10.0385071839209	0.569293791499905
10.0498876537813	0.581081220268544
10.0612665625965	0.592938391884729
10.0726438336663	0.604865294913558
10.0840193906012	0.616861916479525
10.0953931573239	0.628928242268311
10.1067650580710	0.641064256527502
10.1181350173941	0.653269942068406
10.1295029601614	0.665545280267542
10.1408688115591	0.677890251068282
10.1522324970928	0.690304832982790
10.1635939425891	0.702789003094215
10.1749530741967	0.715342737058787
10.1863098183880	0.727966009108059
10.1976641019608	0.740658792051703
10.2090158520389	0.753421057279881
10.2203649960745	0.766252774766346
10.2317114618488	0.779153913071150
10.2430551774738	0.792124439344041
10.2543960713934	0.805164319327427
10.2657340723851	0.818273517360121
10.2770691095611	0.831451996380626
10.2884011123699	0.844699717931072
10.2997300105972	0.858016642160960
10.3110557343677	0.871402727831205
10.3223782141462	0.884857932318317
10.3336973807390	0.898382211618713
10.3450131652951	0.911975520353100
10.3563254993076	0.925637811771126
10.3676343146148	0.939369037756080
10.3789395434017	0.953169148829784
10.3902411182013	0.967038094157566
10.4015389718953	0.980975821553457
10.4128330377162	0.994982277485420
10.4241232492475	1.00905740708081
10.4354095404260	1.02320115413190
10.4466918455420	1.03741346110159
10.4579700992410	1.05169426912918
10.4692442365248	1.06604351803636
10.4805141927527	1.08046114633328
10.4917799036422	1.09494709122470
10.5030413052706	1.10950128861639
10.5142983340761	1.12412367312152
10.5255509268582	1.13881417806725
10.5367990207797	1.15357273550141
10.5480425533670	1.16839927619938
10.5592814625114	1.18329372967094
10.5705156864702	1.19825602416728
10.5817451638675	1.21328608668830
10.5929698336952	1.22838384298977
10.6041896353138	1.24354921759077
10.6154045084539	1.25878213378108
10.6266143932163	1.27408251362895
10.6378192300733	1.28945027798861
10.6490189598697	1.30488534650823
10.6602135238232	1.32038763763780
10.6714028635257	1.33595706863701
10.6825869209436	1.35159355558356
10.6937656384191	1.36729701338128
10.7049389586703	1.38306735576827
10.7161068247927	1.39890449532559
10.7272691802591	1.41480834348558
10.7384259689209	1.43077881054023
10.7495771350084	1.44681580565026
10.7607226231316	1.46291923685367
10.7718623782806	1.47908901107440
10.7829963458266	1.49532503413130
10.7941244715220	1.51162721074754
10.8052467015010	1.52799544455897
10.8163629822804	1.54442963812383
10.8274732607598	1.56092969293164
10.8385774842223	1.57749550941263
10.8496756003345	1.59412698694698
10.8607675571475	1.61082402387431
10.8718533030968	1.62758651750327
10.8829327870026	1.64441436412087
10.8940059580709	1.66130745900228
10.9050727658927	1.67826569642023
10.9161331604450	1.69528896965503
10.9271870920910	1.71237717100424
10.9382345115801	1.72953019179252
10.9492753700481	1.74674792238123
10.9603096190176	1.76403025217888
10.9713372103978	1.78137706965082
10.9823580964851	1.79878826232899
10.9933722299625	1.81626371682259
11.0043795639004	1.83380331882785