0	0
0.0122251266235608	0.0126121948244495
0.0244547480583688	0.0251529207279017
0.0366896253906696	0.0376229924235159
0.0489296784720385	0.0500224204836783
0.0611748247083282	0.0623512077219042
0.0734249816983994	0.0746093593709725
0.0856800665138778	0.0867968825374026
0.0979399956690033	0.0989137861595412
0.110204685118544	0.110960081004606
0.122474050253996	0.122935779664101
0.134748005899372	0.134840896548679
0.147026466306757	0.146675447882502
0.159309345151611	0.158439451697221
0.171596555527809	0.170132927825416
0.183888009942417	0.181755897893702
0.196183620310179	0.193308385315249
0.208483297947720	0.204790415281944
0.220786953567441	0.216202014756049
0.233094497271104	0.227543212461342
0.245405838543085	0.238814038873876
0.257720886243301	0.250014526212279
0.270039548599776	0.261144708427420
0.282361733200849	0.272204621191766
0.294687346987009	0.283194301888160
0.307016296242342	0.294113789598198
0.319348486585566	0.304963125090017
0.331683822960670	0.315742350805666
0.344022209627101	0.326451510847988
0.356363550149524	0.337090650966878
0.368707747387110	0.347659818545317
0.381054703482358	0.358159062584589
0.393404319849422	0.368588433689189
0.405756497161929	0.378947984051268
0.418111135340280	0.389237767434322
0.430468133538405	0.399457839156793
0.442827390129968	0.409608256074624
0.455188802693986	0.419689076563811
0.467552267999864	0.429700360502179
0.479917681991817	0.439642169250531
0.492284939772660	0.449514565633777
0.504653935586948	0.459317613920892
0.517024562803448	0.469051379804853
0.529396713896927	0.478715930381958
0.541770280429220	0.488311334130404
0.554145153029575	0.497837660888737
0.566521221374253	0.507294981833299
0.578898374165338	0.516683369455658
0.591276499108772	0.526002897539279
0.603655482891562	0.535253641135635
0.616035211158152	0.544435676539937
0.628415568485934	0.553549081266338
0.640796438359876	0.562593934022520
0.653177703146241	0.571570314683972
0.665559244065373	0.580478304267563
0.677940941163540	0.589317984904896
0.690322673283788	0.598089439814782
0.702704318035793	0.606792753275694
0.715085751764705	0.615428010597303
0.727466849518925	0.623995298091820
0.739847485016818	0.632494703044911
0.752227530612335	0.640926313685878
0.764606857259507	0.649290219157684
0.776985334475808	0.657586509486313
0.789362830304347	0.665815275550020
0.801739211274880	0.673976609047756
0.814114342363612	0.682070602467433
0.826488086951773	0.690097349053856
0.838860306782949	0.698056942776036
0.851230861919146	0.705949478294651
0.863599610695570	0.713775050928226
0.875966409674108	0.721533756620205
0.888331113595499	0.729225691904809
0.900693575330174	0.736850953872893
0.913053645827762	0.744409640137652
0.925411174065247	0.751901848800122
0.937766006993765	0.759327678414249
0.950117989484063	0.766687227952108
0.962466964270575	0.773980596768676
0.974812771894166	0.781207884566620
0.987155250643506	0.788369191361615
0.999494236495118	0.795464617446265
1.01182956305209	0.802494263355623
1.02416106148149	0.809458229831662
1.03648856045047	0.816356617788598
1.04881188606119	0.823189528277758
1.06113086178440	0.829957062453396
1.07344530839195	0.836659321538148
1.08575504388816	0.843296406789249
1.09805988344005	0.849868419465196
1.11035963930665	0.856375460792722
1.12265412076732	0.862817631934594
1.13494313404927	0.869195033958004
1.14722648225425	0.875507767803504
1.15950396528468	0.881755934255424
1.17177537976923	0.887939633912392
1.18404051898792	0.894058967159904
1.19629917279707	0.900114034143311
1.20855112755410	0.906104934742377
1.22079616604237	0.912031768547635
1.23303406739636	0.917894634837634
1.24526460702726	0.923693632558458
1.25748755654923	0.929428860304925
1.26970268370672	0.935100416303576
1.28190975230282	0.940708398398606
1.29410852212925	0.946252904038799
1.30629874889804	0.951734030268396
1.31848018417536	0.957151873719796
1.33065257531788	0.962506530609695
1.34281566541191	0.967798096737354
1.35496919321585	0.973026667487667
1.36711289310633	0.978192337836326
1.37924649502849	0.983295202359538
1.39136972445092	0.988335355247598
1.40348230232574	0.993312890321972
1.41558394505443	0.998227901058271
1.42767436445987	1.00308048061176
1.43975326776537	1.00787072185006
1.45182035758109	1.01259871738914
1.46387533189880	1.01726455963597
1.47591788409542	1.02186834083579
1.48794770294616	1.02641015312667
1.49996447264808	1.03089008859813
1.51196787285477	1.03530823935870
1.52395757872287	1.03966469760776
1.53593326097144	1.04395955571590
1.54789458595487	1.04819290631156
1.55984121575026	1.05236484237514
1.57177280826006	1.05647545734060
1.58368901733094	1.06052484520511
1.59558949288974	1.06451310064581
1.60747388109732	1.06844031914529
1.61934182452126	1.07230659712488
1.63119296232824	1.07611203208619
1.64302693049694	1.07985672276097
1.65484336205221	1.08354076926900
1.66664188732140	1.08716427328503
1.67842213421348	1.09072733821276
1.69018372852171	1.09423006936859
1.70192629425031	1.09767257417145
1.71364945396591	1.10105496234271
1.72535282917397	1.10437734611151
1.73703604072070	1.10763984042890
1.74869870922069	1.11084256318811
1.76034045551032	1.11398563545207
1.77196090112697	1.11706918168594
1.78355966881394	1.12009332999630
1.79513638305069	1.12305821237421
1.80669067060801	1.12596396494295
1.81822216112745	1.12881072820966
1.82973048772418	1.13159864731834
1.84121528761236	1.13432787230621
1.85267620275164	1.13699855835921
1.86411288051359	1.13961086606892
1.87552497436632	1.14216496168691
1.88691214457542	1.14466101737755
1.89827405891943	1.14709921146707
1.90961039341727	1.14947972868775
1.92092083306551	1.15180276041614
1.93220507258261	1.15406850490451
1.94346281715747	1.15627716750322
1.95469378319925	1.15842896087334
1.96589769908530	1.16052410518899
1.97707430590389	1.16256282832599
1.98822335818858	1.16454536603881
1.99934462464024	1.16647196212007
2.01043788883367	1.16834286854715
2.02150294990492	1.17015834560893
2.03253962321567	1.17191866201624
2.04354774099118	1.17362409499261
2.05452715292811	1.17527493034455
2.06547772676882	1.17687146251229
2.07639934883860	1.17841399459816
2.08729192454275	1.17990283837250
2.09815537882032	1.18133831425946
2.10898965655161	1.18272075129732
2.11979472291689	1.18405048707753
2.13057056370385	1.18532786766154
2.14131718556168	1.18655324747258
2.15203461620006	1.18772698916750
2.16272290453145	1.18884946348477
2.17338212075566	1.18992104907154
2.18401235638584	1.19094213228974
2.19461372421555	1.19191310700245
2.20518635822660	1.19283437433980
2.21573041343840	1.19370634244796
2.22624606569898	1.19452942622046
2.23673351141909	1.19530404701302
2.24719305719642	1.19603068229675
2.25762476531464	1.19670966862194
2.26802897598563	1.19734149139907
2.27840596410528	1.19792659504524
2.28875602301142	1.19846542848709
2.29907946391000	1.19895844514832
2.30937661526255	1.19940610258949
2.31964782213733	1.19980886214591
2.32989344552529	1.20016718856117
2.34011386162465	1.20048154962056
2.35030946109740	1.20075241578261
2.36048064830144	1.20098025981250
2.37062784050188	1.20116555641699
2.38075146706509	1.20130878188425
2.39085196863948	1.20141041372585
2.40092979632585	1.20147093032736
2.41098541084148	1.20149081060290
2.42101928168088	1.20147053365928
2.43103188627670	1.20141057846753
2.44102370916378	1.20131142354388
2.45099524114929	1.20117354664063
2.46094697849199	1.20099742444726
2.47087942209293	1.20078353230250
2.48079307670023	1.20053234391780
2.49068845013016	1.20024433111237
2.50056605250657	1.19991996356039
2.51042639552056	1.19955970854986
2.52026999171195	1.19916403075348
2.53009735377423	1.19873339201272
2.53990899388414	1.19826825113415
2.54970542305701	1.19776906369632
2.55948715052860	1.19723628187060
2.56925468316462	1.19667035425309
2.57900852489804	1.19607172570900
2.58874917619480	1.19544083722737
2.59847713354826	1.19477812578794
2.60819288900226	1.19408402423924
2.61789692970310	1.19335896118628
2.62758973747999	1.19260336088967
2.63727178845398	1.19181764317380
2.64694355267470	1.19100222334549
2.65660549378496	1.19015751212122
2.66625806871208	1.18928391556308
2.67590172738580	1.18838183502435
2.68553691248192	1.18745166710149
2.69516405919097	1.18649380359493
2.70478359501104	1.18550863147716
2.71439593956421	1.18449653286696
2.72400150443543	1.18345788501070
2.73360069303310	1.18239306027034
2.74319390047061	1.18130242611578
2.75278151346758	1.18018634512419
2.76236368297563	1.17904505698906
2.77194123367057	1.17787914973661
2.78151430008152	1.17668885550567
2.79108323335940	1.17547451564088
2.80064837779024	1.17423646876845
2.81021006864707	1.17297504833493
2.81976863260583	1.17169058301650
2.82932438776720	1.17038339674331
2.83887764369533	1.16905380873353
2.84842870146854	1.16770213352920
2.85797785374029	1.16632868103461
2.86752538480960	1.16493375655748
2.87707157070022	1.16351766085158
2.88661667924789	1.16208069016071
2.89616097019486	1.16062313626454
2.90570469529120	1.15914528652712
2.91524809840209	1.15764742394380
2.92479141562061	1.15612982719153
2.93433487538546	1.15459277068002
2.94387869860297	1.15303652460176
2.95342309877294	1.15146135498560
2.96296828211789	1.14986752374788
2.97251444771512	1.14825528874694
2.98206178763123	1.14662490383526
2.99161048705872	1.14497661891376
3.00116072445418	1.14331067998659
3.01071267167776	1.14162732921342
3.02026649413368	1.13992680496510
3.02982235091120	1.13820934187657
3.03938039492616	1.13647517090169
3.04894077306234	1.13472451936673
3.05850362631280	1.13295761102392
3.06806908992070	1.13117466610477
3.07763729351952	1.12937590137353
3.08720836127245	1.12756153017972
3.09678241201067	1.12573176251068
3.10635955937054	1.12388680504329
3.11593991192939	1.12202686119601
3.12552357333987	1.12015213117952
3.13511064246253	1.11826281204801
3.14470121349699	1.11635909774865
3.15429537611096	1.11444117917165
3.16389321556758	1.11250924419927
3.17349481285062	1.11056347775465
3.18310024478775	1.10860406184907
3.19270958417157	1.10663117563038
3.20232289987858	1.10464499542889
3.21194025698588	1.10264569480417
3.22156171688564	1.10063344459040
3.23118733739728	1.09860841294207
3.24081717287737	1.09657076537719
3.25045127432723	1.09452066482243
3.26008968949816	1.09245827165528
3.26973246299444	1.09038374374721
3.27937963637388	1.08829723650548
3.28903124824612	1.08619890291479
3.29868733436864	1.08408889357713
3.30834792774041	1.08196735675297
3.31801305869325	1.07983443840012
3.32768275498104	1.07769028221292
3.33735704186645	1.07553502966013
3.34703594220571	1.07336882002356
3.35671947653102	1.07119179043389
3.36640766313080	1.06900407590817
3.37610051812787	1.06680580938517
3.38579805555546	1.06459712176122
3.39550028743116	1.06237814192445
3.40520722382884	1.06014899678955
3.41491887294853	1.05790981133089
3.42463524118441	1.05566070861559
3.43435633319071	1.05340180983663
3.44408215194589	1.05113323434392
3.45381269881481	1.04885509967690
3.46354797360918	1.04656752159406
3.47328797464615	1.04427061410438
3.48303269880521	1.04196448949706
3.49278214158336	1.03964925836999
3.50253629714857	1.03732502965979
3.51229515839168	1.03499191066932
3.52205871697667	1.03265000709615
3.53182696338930	1.03029942305926
3.54159988698443	1.02794026112608
3.55137747603162	1.02557262233959
3.56115971775945	1.02319660624354
3.57094659839837	1.02081231090817
3.58073810322219	1.01841983295534
3.59053421658822	1.01601926758308
3.60033492197613	1.01361070859004
3.61014020202553	1.01119424839867
3.61995003857232	1.00876997807894
3.62976441268386	1.00633798737154
3.63958330469290	1.00389836471002
3.64940669423050	1.00145119724247
3.65923456025775	0.998996570854167
3.66906688109642	0.996534570188760
3.67890363445863	0.994065278668148
3.68874479747550	0.991588778514828
3.69859034672472	0.989105150770487
3.70844025825729	0.986614475316665
3.71829450762330	0.984116830894551
3.72815306989674	0.981612295122952
3.73801591969955	0.979100944518552
3.74788303122476	0.976582854513413
3.75775437825876	0.974058099473510
3.76762993420292	0.971526752716118
3.77750967209430	0.968988886528172
3.78739356462565	0.966444572182625
3.79728158416474	0.963893879955493
3.80717370277292	0.961336879142699
3.81706989222304	0.958773638076435
3.82697012401666	0.956204224140551
3.83687436940069	0.953628703787022
3.84678259938337	0.951047142550709
3.85669478474963	0.948459605065018
3.86661089607593	0.945866155076248
3.87653090374445	0.943266855458909
3.88645477795687	0.940661768229289
3.89638248874742	0.938050954559802
3.90631400599566	0.935434474793757
3.91624929943857	0.932812388456949
3.92618833868224	0.930184754273282
3.93613109321315	0.927551630176247
3.94607753240886	0.924913073322491
3.95602762554843	0.922269140104033
3.96598134182228	0.919619886161561
3.97593865034176	0.916965366395658
3.98589952014824	0.914305634979335
3.99586392022190	0.911640745369449
4.00583181949005	0.908970750318927
4.01580318683519	0.906295701887300
4.02577799110269	0.903615651452297
4.03575620110817	0.900930649721010
4.04573778564445	0.898240746740351
4.05572271348835	0.895545991907515
4.06571095340709	0.892846433980676
4.07570247416440	0.890142121089043
4.08569724452639	0.887433100743310
4.09569523326716	0.884719419844530
4.10569640917406	0.882001124694761
4.11570074105278	0.879278261006215
4.12570819773223	0.876550873910716
4.13571874806907	0.873819007968343
4.14573236095208	0.871082707177670
4.15574900530633	0.868342014982913
4.16576865009707	0.865596974284366
4.17579126433352	0.862847627445921
4.18581681707233	0.860094016303787
4.19584527742094	0.857336182174667
4.20587661454076	0.854574165864087
4.21591079765009	0.851808007674013
4.22594779602698	0.849037747411021
4.23598757901183	0.846263424394069
4.24603011600987	0.843485077461585
4.25607537649349	0.840702744979889
4.26612333000439	0.837916464849239
4.27617394615563	0.835126274511987
4.28622719463353	0.832332210959121
4.29628304519935	0.829534310737918
4.30634146769102	0.826732609957879
4.31640243202454	0.823927144297971
4.32646590819541	0.821117949013322
4.33653186627987	0.818305058941294
4.34660027643609	0.815488508508406
4.35667110890512	0.812668331736093
4.36674433401193	0.809844562247392
4.37681992216616	0.807017233272289
4.38689784386288	0.804186377654639
4.39697806968326	0.801352027857407
4.40706057029507	0.798514215968418
4.41714531645318	0.795672973706129
4.42723227899994	0.792828332425756
4.43732142886543	0.789980323123785
4.44741273706771	0.787128976444036
4.45750617471301	0.784274322682936
4.46760171299568	0.781416391794570
4.47769932319828	0.778555213395584
4.48779897669148	0.775690816771102
4.49790064493391	0.772823230878795
4.50800429947199	0.769952484353944
4.51810991193964	0.767078605514742
4.52821745405794	0.764201622366628
4.53832689763483	0.761321562606659
4.54843821456456	0.758438453629195
4.55855137682728	0.755552322528972
4.56866635648851	0.752663196106624
4.57878312569849	0.749771100872651
4.58890165669158	0.746876063051522
4.59902192178558	0.743978108586455
4.60914389338098	0.741077263143052
4.61926754396021	0.738173552113463
4.62939284608679	0.735267000620729
4.63951977240453	0.732357633522535
4.64964829563656	0.729445475415246
4.65977838858449	0.726530550637673
4.66991002412737	0.723612883274526
4.68004317522070	0.720692497161051
4.69017781489542	0.717769415885534
4.70031391625681	0.714843662793770
4.71045145248339	0.711915260992565
4.72059039682581	0.708984233352764
4.73073072260563	0.706050602513085
4.74087240321420	0.703114390883125
4.75101541211137	0.700175620647480
4.76115972282428	0.697234313768061
4.77130530894607	0.694290491988430
4.78145214413456	0.691344176836021
4.79160020211097	0.688395389625315
4.80174945665850	0.685444151462416
4.81189988162101	0.682490483245773
4.82205145090158	0.679534405671116
4.83220413846113	0.676575939233633
4.84235791831690	0.673615104231047
4.85251276454109	0.670651920766284
4.86266865125926	0.667686408750500
4.87282555264891	0.664718587906063
4.88298344293790	0.661748477769021
4.89314229640293	0.658776097691801
4.90330208736792	0.655801466846184
4.91346279020250	0.652824604225666
4.92362437932036	0.649845528648396
4.93378682917760	0.646864258759201
4.94395011427116	0.643880813032679
4.95411420913709	0.640895209775507
4.96427908834890	0.637907467128674
4.97444472651589	0.634917603070363
4.98461109828138	0.631925635417885
4.99477817832105	0.628931581830432
5.00494594134113	0.625935459810994
5.01511436207668	0.622937286709138
5.02528341528980	0.619937079722987
5.03545307576783	0.616934855901619
5.04562331832154	0.613930632146967
5.05579411778332	0.610924425216276
5.06596544900531	0.607916251724288
5.07613728685753	0.604906128145177
5.08630960622606	0.601894070815015
5.09648238201111	0.598880095933196
5.10665558912510	0.595864219565078
5.11682920249076	0.592846457643827
5.12700319703921	0.589826825972067
5.13717754770794	0.586805340224512
5.14735222943889	0.583782015949664
5.15752721717644	0.580756868571195
5.16770248586542	0.577729913390213
5.17787801044908	0.574701165587839
5.18805376586705	0.571670640225883
5.19822972705326	0.568638352249415
5.20840586893395	0.565604316488051
5.21858216642546	0.562568547658640
5.22875859443222	0.559531060366019
5.23893512784460	0.556491869105291
5.24911174153672	0.553450988263397
5.25928841036438	0.550408432120934
5.26946510916278	0.547364214853974
5.27964181274442	0.544318350535039
5.28981849589679	0.541270853136029
5.29999513338020	0.538221736528084
5.31017169992550	0.535171014485000
5.32034817023183	0.532118700684019
5.33052451896428	0.529064808707151
5.34070072075161	0.526009352042422
5.35087675018390	0.522952344087349
5.36105258181020	0.519893798148111
5.37122819013613	0.516833727442308
5.38140354962150	0.513772145100632
5.39157863467792	0.510709064167481
5.40175341966626	0.507644497603029
5.41192787889426	0.504578458284917
5.42210198661401	0.501510959009095
5.43227571701942	0.498442012491585
5.44244904424373	0.495371631369627
5.45262194235685	0.492299828203913
5.46279438536285	0.489226615478766
5.47296634719730	0.486152005604432
5.48313780172464	0.483076010918144
5.49330872273549	0.479998643685346
5.50347908394395	0.476919916101294
5.51364885898488	0.473839840292535
5.52381802141114	0.470758428317712
5.53398654469077	0.467675692169129
5.54415440220422	0.464591643774438
5.55432156724145	0.461506294997210
5.56448801299908	0.458419657639137
5.57465371257744	0.455331743440118
5.58481863897765	0.452242564080628
5.59498276509863	0.449152131182926
5.60514606373407	0.446060456311264
5.61530850756937	0.442967550974045
5.62547006917858	0.439873426625186
5.63563072102124	0.436778094664772
5.64579043543921	0.433681566440507
5.65594918465350	0.430583853248768
5.66610694076099	0.427484966336677
5.67626367573116	0.424384916901876
5.68641936140276	0.421283716094821
5.69657396948044	0.418181375019811
5.70672747153131	0.415077904735807
5.71687983898152	0.411973316257845
5.72703104311273	0.408867620558353
5.73718105505858	0.405760828568196
5.74732984580106	0.402652951177441
5.75747738616687	0.399543999237373
5.76762364682375	0.396433983561255
5.77776859827668	0.393322914925002
5.78791221086412	0.390210804069115
5.79805445475413	0.387097661699391
5.80819529994047	0.383983498488465
5.81833471623861	0.380868325076026
5.82847267328173	0.377752152071451
5.83860914051664	0.374634990053402
5.84874408719959	0.371516849572198
5.85887748239211	0.368397741150336
5.86900929495672	0.365277675283377
5.87913949355261	0.362156662442352
5.88926804663119	0.359034713072942
5.89939492243168	0.355911837598553
5.90952008897655	0.352788046419970
5.91964351406688	0.349663349917464
5.92976516527773	0.346537758451981
5.93988500995332	0.343411282364965
5.95000301520227	0.340283931981160
5.96011914789261	0.337155717608741
5.97023337464683	0.334026649540997
5.98034566183680	0.330896738057100
5.99045597557861	0.327765993423094
6.00056428172730	0.324634425894087
6.01067054587157	0.321502045713758
6.02077473332831	0.318368863117188
6.03087680913711	0.315234888331093
6.04097673805463	0.312100131574614
6.05107448454891	0.308964603061814
6.06117001279353	0.305828313001679
6.07126328666174	0.302691271599915
6.08135426972040	0.299553489059529
6.09144292522385	0.296414975582619
6.10152921610775	0.293275741371350
6.11161310498264	0.290135796629371
6.12169455412753	0.286995151562380
6.13177352548328	0.283853816380255
6.14184998064595	0.280711801297291
6.15192388085993	0.277569116534476
6.16199518701097	0.274425772319553
6.17206385961915	0.271281778889522
6.18212985883159	0.268137146490722
6.19219314441515	0.264991885380923
6.20225367574889	0.261846005830170
6.21231141181641	0.258699518122408
6.22236631119811	0.255552432556338
6.23241833206317	0.252404759447185
6.24246743216152	0.249256509126992
6.25251356881550	0.246107691947776
6.26255669891147	0.242958318281071
6.27259677889122	0.239808398520134
6.28263376474313	0.236657943081365
6.29266761199330	0.233506962404941
6.30269827569636	0.230355466957487
6.31272571042613	0.227203467231941
6.32274987026615	0.224050973749782
6.33277070879992	0.220897997063016
6.34278817910102	0.217744547754410
6.35280223372292	0.214590636439493
6.36281282468866	0.211436273768469
6.37281990348034	0.208281470426589
6.38282342102820	0.205126237136906
6.39282332769972	0.201970584660866
6.40281957328826	0.198814523800388
6.41281210700159	0.195658065399019
6.42280087745010	0.192501220343625
6.43278583263480	0.189343999566513
6.44276691993497	0.186186414045834
6.45274408609564	0.183028474808536
6.46271727721471	0.179870192930891
6.47268643872980	0.176711579541176
6.48265151540480	0.173552645820566
6.49261245131613	0.170393403005100
6.50256918983865	0.167233862387981
6.51252167363126	0.164074035319987
6.52246984462218	0.160913933212445
6.53241364399384	0.157753567539176
6.54235301216748	0.154592949837012
6.55228788878731	0.151432091708703
6.56221821270433	0.148271004825142
6.57214392195979	0.145109700925803
6.58206495376816	0.141948191822132
6.59198124449982	0.138786489398940
6.60189272966318	0.135624605616243
6.61179934388647	0.132462552511468
6.62170102089903	0.129300342201780
6.63159769351215	0.126137986885459
6.64148929359941	0.122975498844831
6.65137575207654	0.119812890448359
6.66125699888081	0.116650174151530
6.67113296294978	0.113487362501258
6.68100357219966	0.110324468136185
6.69086875350297	0.107161503790169
6.70072843266572	0.103998482294344
6.71058253440392	0.100835416578870
6.72043098231954	0.0976723196763553
6.73027369887581	0.0945092047234956
6.74011060537183	0.0913460849646051
6.74994162191655	0.0881829737524298
6.75976666740201	0.0850198845523819
6.76958565947590	0.0818568309446878
6.77939851451334	0.0786938266264064
6.78920514758791	0.0755308854149870
6.79900547244180	0.0723680212509185
6.80879940145532	0.0692052482000683
6.81858684561534	0.0660425804566741
6.82836771448296	0.0628800323467110
6.83814191616031	0.0597176183305255
6.84790935725626	0.0565553530057292
6.85766994285131	0.0533932511110559
6.86742357646134	0.0502313275280197
6.87717016000041	0.0470695972854868
6.88690959374239	0.0439080755627256
6.89664177628155	0.0407467776915101
6.90636660449186	0.0375857191614294
6.91608397348527	0.0344249156215477
6.92579377656853	0.0312643828851294
6.93549590519888	0.0281041369323625
6.94519024893831	0.0249441939146514
6.95487669540640	0.0217845701577152
6.96455513023183	0.0186252821660771
6.97422543700223	0.0154663466262155
6.98388749721263	0.0123077804108416
6.99354119021215	0.00914960058241982
7.00318639314910	0.00599182439838880
7.01282298091432	0.00283446931387077
7.02245082608267	-0.000322447013449523
7.03206979885267	-0.00347890671853468
7.04167976698415	-0.00663489172572085
7.05128059573392	-0.00979038374319613
7.06087214778921	-0.0129453642593128
7.07045428319908	-0.0160998145372422
7.08002685930334	-0.0192537156104672
7.08958973065920	-0.0224070482784425
7.09914274896544	-0.0255597931010934
7.10868576298389	-0.0287119303940864
7.11821861845838	-0.0318634402235682
7.12774115803065	-0.0350143024011372
7.13725322115357	-0.0381644964787138
7.14675464400109	-0.0413140017428694
7.15624525937519	-0.0444627972088742
7.16572489660933	-0.0476108616165722
7.17519338146854	-0.0507581734231321
7.18465053604587	-0.0539047107979662
7.19409617865497	-0.0570504516172768
7.20353012371885	-0.0601953734567590
7.21295218165434	-0.0633394535864469
7.22236215875237	-0.0664826689647933
7.23175985705365	-0.0696249962308884
7.24114507421958	-0.0727664116998172
7.25051760339829	-0.0759068913544753
7.25987723308546	-0.0790464108398324
7.26922374697962	-0.0821849454562648
7.27855692383192	-0.0853224701516424
7.28787653728974	-0.0884589595148356
7.29718235573416	-0.0915943877695407
7.30647414211080	-0.0947287287651685
7.31575165375375	-0.0978619559706226
7.32501464220234	-0.100994042466996
7.33426285301015	-0.104124960938888
7.34349602554615	-0.107254683667620
7.35271389278733	-0.110383182523188
7.36191618110251	-0.113510428956270
7.37110261002687	-0.116636393989376
7.38027289202658	-0.119761048210199
7.38942673225316	-0.122884361762026
7.39856382828687	-0.126006304335978
7.40768386986871	-0.129126845162219
7.41678653862020	-0.132245953001662
7.42587150775036	-0.135363596137014
7.43493844174921	-0.138479742364120
7.44398699606696	-0.141594358983461
7.45301681677804	-0.144707412789993
7.46202754022921	-0.147818870066111
7.47101879267064	-0.150928696570530
7.47999018986919	-0.154036857530669
7.48894133670252	-0.157143317633052
7.49787182673314	-0.160248041013392
7.50678124176109	-0.163350991248199
7.51566915135375	-0.166452131345810
7.52453511235169	-0.169551423735835
7.53337866834871	-0.172648830260955
7.54219934914461	-0.175744312167634
7.55099667016889	-0.178837830096097
7.55977013187343	-0.181929344072305
7.56851921909211	-0.185018813498064
7.57724340036524	-0.188106197142378
7.58594212722625	-0.191191453132381
7.59461483344816	-0.194274538944868
7.60326093424705	-0.197355411396772
7.61187982543940	-0.200434026637920
7.62047088255013	-0.203510340141693
7.62903345986771	-0.206584306697521
7.63756688944247	-0.209655880401878
7.64607048002397	-0.212725014652188
7.65454351593287	-0.215791662137686
7.66298525586214	-0.218855774833402
7.67139493160254	-0.221917303992022
7.67977174668605	-0.224976200137984
7.68811487494120	-0.228032413059960
7.69642345895285	-0.231085891805748
7.70469660841903	-0.234136584674534
7.71293339839616	-0.237184439211990
7.72113286742348	-0.240229402203572
7.72929401551638	-0.243271419668735
7.73741580201762	-0.246310436854914
7.74549714329391	-0.249346398230949
7.75353691026437	-0.252379247479746
7.76153392574588	-0.255408927491561
7.76948696159881	-0.258435380354340
7.77739473565463	-0.261458547344749
7.78525590840554	-0.264478368915647
7.79306907943325	-0.267494784682693
7.80083278355230	-0.270507733406113
7.80854548664015	-0.273517152970420
7.81620558112327	-0.276522980358452
7.82381138108503	-0.279525151617815
7.83136111695710	-0.282523601822355
7.83885292975186	-0.285518265021083
7.84628486478812	-0.288509074178062
7.85365486485686	-0.291495961094331
7.86096076276754	-0.294478856314190
7.86820027320790	-0.297457689009320
7.87537098384258	-0.300432386833130
7.88247034556624	-0.303402875744934
7.88949566181682	-0.306369079791944
7.89644407684281	-0.309330920840799
7.90331256280523	-0.312288318250623
7.91009790558022	-0.315241188470274
7.91679668911156	-0.318189444546764
7.92340527814407	-0.321132995522919
7.92991979914809	-0.324071745700728
7.93633611922255	-0.327005593742809
7.94264982273916	-0.329934431572021
7.94885618546376	-0.332858143028614
7.95495014586155	-0.335776602229163
7.96092627326411	-0.338689671560811
7.96677878734343	-0.341597272697569
7.97250129852733	-0.344499093991709
7.97808709748061	-0.347395015165270
7.98352888276662	-0.350284820802331
7.98881876478099	-0.353168264955395
7.99394820661099	-0.356045064173480
7.99890795942649	-0.358914889311695
8.00368799178855	-0.361777355520747
8.00827741284692	-0.364632010017953
8.01266438968980	-0.367478317173332
8.01683605956584	-0.370315640353240
8.02077843837932	-0.373143219878881
8.02447632783428	-0.375960146369718
8.02791322498081	-0.378765328681552
8.03107123980724	-0.381557455612838
8.03393102905691	-0.384334950621569
8.03647175773604	-0.387095918974006
8.03867110387822	-0.389838087155803
8.04050532695270	-0.392558735109023
8.04194942549667	-0.395254623026011
8.04297741431575	-0.397921916195188
8.04356275446762	-0.400556113803012
8.04367896792529	-0.403151990614619
8.04330046021673	-0.405703563780526
8.04240355507387	-0.408204099893959
8.04096771283510	-0.410646178669192
8.03897685984181	-0.413021827601502
8.03642070585596	-0.415322735210697
8.03329588407333	-0.417540538461035
8.02960673187567	-0.419667164234564
8.02536555610909	-0.421695189280761
8.02059229842769	-0.423618173417477
8.01531361943441	-0.425430921486249
8.00956152454550	-0.427129641700616
8.00337172671578	-0.428711987921701
7.99678196170364	-0.430176994436064
7.98983044199046	-0.431524927658820
7.98255457441082	-0.432757086568352
7.97498999792988	-0.433875582907175
7.96716994042584	-0.434883126023732
7.95912485550619	-0.435782828940208
7.95088228236134	-0.436578044345031
7.94246686869232	-0.437272233062181
7.93390050289037	-0.437868863492758
7.92520251187104	-0.438371338284795
7.91638989189133	-0.438782943606441
7.90747754947213	-0.439106816367905
7.89847853745787	-0.439345925182264
7.88940427719647	-0.439503061496422
7.88026476204594	-0.439580838014241
7.87106874009638	-0.439581691379868
7.86182387714739	-0.439507892826123
7.85253689739489	-0.439361549279619
7.84321370925789	-0.439144621087252
7.83385951219803	-0.438858928599030
7.82447889006324	-0.438506163460412
7.81507589146186	-0.438087898855059
7.80565409905083	-0.437605599304601
7.79621668923335	-0.437060629900971
7.78676648359844	-0.436454264919225
7.77730599326899	-0.435787695790091
7.76783745716911	-0.435062038433154
7.75836287508299	-0.434278339977680
7.74888403625221	-0.433437584898833
7.73940254415128	-0.432540700608145
7.72991983798690	-0.431588562538294
7.72043721138628	-0.430581998760903
7.71095582867072	-0.429521794179048
7.70147673905242	-0.428408694330805
7.69200088904222	-0.427243408838568
7.68252913331397	-0.426026614540590
7.67306224423522	-0.424758958329652
7.66360078854300	-0.423440987279343
7.65414568049305	-0.422073447502966
7.64469732877835	-0.420656827416638
7.63525626526859	-0.419191682050650
7.62582295551190	-0.417678542126351
7.61639782344583	-0.416117921593347
7.60698125203579	-0.414510318154785
7.59757358716368	-0.412856214715479
7.58817514076334	-0.411156080581896
7.57878619366721	-0.409410372573231
7.56940699814734	-0.407619536037233
7.56003778019262	-0.405784005775478
7.55067874155223	-0.403904206894974
7.54133006157239	-0.401980555584778
7.53199189885003	-0.400013459829325
7.52266439272402	-0.398003320061809
7.51334766462202	-0.395950529764927
7.50404181927907	-0.393855476021668
7.49474694584177	-0.391718540020449
7.48546311887061	-0.389540097521557
7.47619039925120	-0.387320519284569
7.46692883502427	-0.385060171460812
7.45767846214280	-0.382759415956965
7.44843930516403	-0.380418610766374
7.43921137788308	-0.378038110276871
7.42999468391410	-0.375618265552461
7.42078921722438	-0.373159424592840
7.41159496262615	-0.370661932573105
7.40241189623034	-0.368126132063427
7.39323998586611	-0.365552363230789
7.38407919146950	-0.362940964026199
7.37492946544443	-0.360292270355285
7.36579075299841	-0.357606616234416
7.35666299245597	-0.354884333936444
7.34754611555138	-0.352125754121906
7.33844004770320	-0.349331205960154
7.32934470827212	-0.346501017240452
7.32026001080375	-0.343635514472254
7.31118586325793	-0.340735022978761
7.30212216822568	-0.337799866978686
7.29306882313507	-0.334830369663930
7.28402572044717	-0.331826853268293
7.27499274784274	-0.328789639128170
7.26596978840094	-0.325719047740493
7.25695672077033	-0.322615398809325
7.24795341933337	-0.319479011294113
7.23895975436473	-0.316310203445517
7.22997559218406	-0.313109292841904
7.22100079530375	-0.309876596417768
7.21203522257218	-0.306612430490897
7.20307872931276	-0.303317110783011
7.19413116745932	-0.299990952437848
7.18519238568793	-0.296634270036650
7.17626222954571	-0.293247377608569
7.16734054157673	-0.289830588640158
7.15842716144529	-0.286384216079562
7.14952192605678	-0.282908572340684
7.14062466967638	-0.279403969303585
7.13173522404560	-0.275870718312234
7.12285341849700	-0.272309130170855
7.11397908006712	-0.268719515138129
7.10511203360767	-0.265102182919988
7.09625210189523	-0.261457442659176
7.08739910573939	-0.257785602925154
7.07855286408949	-0.254086971701564
7.06971319413998	-0.250361856372298
7.06087991143453	-0.246610563706989
7.05205282996871	-0.242833399843424
7.04323176229156	-0.239030670273065
7.03441651960584	-0.235202679819918
7.02560691186710	-0.231349732624277
7.01680274788155	-0.227472132121041
7.00800383540266	-0.223570181020668
6.99920998122662	-0.219644181287102
6.99042099128655	-0.215694434117626
6.98163667074551	-0.211721239919154
6.97285682408820	-0.207724898287675
6.96408125521155	-0.203705707983842
6.95530976751385	-0.199663966911137
6.94654216398275	-0.195599972092280
6.93777824728186	-0.191514019646047
6.92901781983600	-0.187406404763214
6.92026068391514	-0.183277421684208
6.91150664171693	-0.179127363674277
6.90275549544780	-0.174956523000587
6.89400704740264	-0.170765190909220
6.88526110004298	-0.166553657601223
6.87651745607376	-0.162322212210007
6.86777591851853	-0.158071142778117
6.85903629079306	-0.153800736234107
6.85029837677750	-0.149511278371716
6.84156198088690	-0.145203053825612
6.83282690814009	-0.140876346051596
6.82409296422706	-0.136531437303161
6.81535995557450	-0.132168608612866
6.80662768940989	-0.127788139769250
6.79789597382379	-0.123390309298244
6.78916461783046	-0.118975394442989
6.78043343142678	-0.114543671144025
6.77170222564952	-0.110095414021164
6.76297081263077	-0.105630896355180
6.75423900565179	-0.101150390069108
6.74550661919499	-0.0966541657123939
6.73677346899427	-0.0921424924431668
6.72803937208353	-0.0876156380125513
6.71930414684357	-0.0830738687488123
6.71056761304707	-0.0785174495430155
6.70182959190207	-0.0739466438332016
6.69308990609349	-0.0693617135925322
6.68434837982308	-0.0647629193147548
6.67560483884762	-0.0601505200018569
6.66685911051532	-0.0555247731523202
6.65811102380070	-0.0508859347496638
6.64936040933764	-0.0462342592514616
6.64060709945087	-0.0415699995799984
6.63185092818570	-0.0368934071110292
6.62309173133626	-0.0322047316672092
6.61432934647197	-0.0275042215078709
6.60556361296253	-0.0227921233223815
6.59679437200129	-0.0180686822229752
6.58802146662711	-0.0133341417377973
6.57924474174460	-0.00858874380583186
6.57046404414296	-0.00383272877030831
6.56167922251331	0.000933664623383394
6.55289012746451	0.00571019923499577
6.54409661153763	0.0104966395298103
6.53529852921904	0.0152927515842839
6.52649573695199	0.0200983030857844
6.51768809314702	0.0249130633361816
6.50887545819098	0.0297368032526638
6.50005769445474	0.0345692953671069
6.49123466629974	0.0394103138279741
6.48240624008320	0.0442596343985567
6.47357228416227	0.0491170344571003
6.46473266889697	0.0539822929940856
6.45588726665193	0.0588551906109354
6.44703595179721	0.0637355095173197
6.43817860070788	0.0686230335284504
6.42931509176270	0.0735175480613172
6.42044530534179	0.0784188401309349
6.41156912382320	0.0833266983453924
6.40268643157880	0.0882409129018552
6.39379711496903	0.0931612755809094
6.38490106233691	0.0980875797405492
6.37599816400122	0.103019620310323
6.36708831224884	0.107957193785034
6.35817140132629	0.112900098217177
6.34924732743064	0.117848133209845
6.34031598869957	0.122801099909751
6.33137728520087	0.127758800997880
6.32243111892124	0.132721040681868
6.31347739375443	0.137687624687428
6.30451601548893	0.142658360248120
6.29554689179490	0.147633056097518
6.28656993221077	0.152611522457819
6.27758504812916	0.157593571031372
6.26859215278248	0.162579014988487
6.25959116122794	0.167567668958208
6.25058199033228	0.172559349017626
6.24156455875594	0.177553872679212
6.23253878693701	0.182551058880117
6.22350459707475	0.187550727971074
6.21446191311279	0.192552701703495
6.20541066072209	0.197556803218092
6.19635076728352	0.202562857031716
6.18728216187035	0.207570689025316
6.17820477523028	0.212580126431207
6.16911853976752	0.217590997819143
6.16002338952448	0.222603133083953
6.15091926016335	0.227616363432399
6.14180608894763	0.232630521368796
6.13268381472340	0.237645440681653
6.12355237790050	0.242660956429836
6.11441172043371	0.247676904928259
6.10526178580376	0.252693123734663
6.09610251899835	0.257709451633213
6.08693386649303	0.262725728622565
6.07775577623222	0.267741795899427
6.06856819761003	0.272757495844602
6.05937108145126	0.277772672007910
6.05016437999229	0.282787169094089
6.04094804686209	0.287800832945565
6.03172203706321	0.292813510530404
6.02248630695291	0.297825049924013
6.01324081422428	0.302835300296581
6.00398551788751	0.307844111895324
5.99472037825122	0.312851336030396
5.98544535690394	0.317856825059013
5.97616041669563	0.322860432369357
5.96686552171945	0.327862012365375
5.95756063729356	0.332861420451092
5.94824572994313	0.337858513014028
5.93892076738249	0.342853147409972
5.92958571849746	0.347845181946785
5.92024055332784	0.352834475868285
5.91088524305009	0.357820889338424
5.90151975996027	0.362804283424767
5.89214407745704	0.367784520082517
5.88275817002502	0.372761462138720
5.87336201321827	0.377734973275136
5.86395558364401	0.382704918012272
5.85453885894661	0.387671161692816
5.84511181779182	0.392633570466544
5.83567443985113	0.397592011271516
5.82622670578656	0.402546351819669
5.81676859723555	0.407496460578691
5.80730009679622	0.412442206756531
5.79782118801281	0.417383460284344
5.78833185536148	0.422320091800074
5.77883208423631	0.427251972630355
5.76932186093566	0.432178974776038
5.75980117264872	0.437100970893095
5.75027000744251	0.442017834277696
5.74072835424898	0.446929438847128
5.73117620285264	0.451835659124661
5.72161354387828	0.456736370221747
5.71204036877920	0.461631447820089
5.70245666982564	0.466520768155812
5.69286244009352	0.471404208001511
5.68325767345370	0.476281644648640
5.67364236456134	0.481152955890428
5.66401650884575	0.486018020004485
5.65438010250054	0.490876715734529
5.64473314247419	0.495728922273773
5.63507562646085	0.500574519245615
5.62540755289169	0.505413386687359
5.61572892092644	0.510245405030692
5.60603973044547	0.515070455085256
5.59633998204220	0.519888418017889
5.58662967701583	0.524699175337287
5.57690881736463	0.529502608872406
5.56717740577953	0.534298600756506
5.55743544563815	0.539087033406017
5.54768294099933	0.543867789503115
5.53791989659801	0.548640751975355
5.52814631784060	0.553405803977357
5.51836221080087	0.558162828870315
5.50856758221617	0.562911710203135
5.49876243948432	0.567652331690764
5.48894679066084	0.572384577196099
5.47912064445678	0.577108330707850
5.46928401023704	0.581823476320388
5.45943689801924	0.586529898212637
5.44957931847315	0.591227480626664
5.43971128292069	0.595916107846376
5.42983280333651	0.600595664174784
5.41994389234917	0.605266033912498
5.41004456324299	0.609927101334207
5.40013482996053	0.614578750667257
5.39021470710568	0.619220866065756
5.38028420994755	0.623853331588618
5.37034335442499	0.628476031174656
5.36039215715194	0.633088848617308
5.35043063542348	0.637691667540067
5.34045880722268	0.642284371370586
5.33047669122840	0.646866843313196
5.32048430682380	0.651438966323692
5.31048167410591	0.656000623080209
5.30046881389601	0.660551695956261
5.29044574775108	0.665092066990433
5.28041249797628	0.669621617858778
5.27036908763847	0.674140229842089
5.26031554058084	0.678647783796770
5.25025188143881	0.683144160121873
5.24017813565702	0.687629238726057
5.23009432950774	0.692102898994272
5.22000049011061	0.696565019752829
5.20989664545374	0.701015479233817
5.19978282441634	0.705454155037683
5.18965905679299	0.709880924095587
5.17952537331946	0.714295662629951
5.16938180570034	0.718698246114744
5.15922838663847	0.723088549231888
5.14906514986637	0.727466445829719
5.13889213017964	0.731831808877068
5.12870936347255	0.736184510417883
5.11851688677593	0.740524421521785
5.10831473829746	0.744851412236606
5.09810295746449	0.749165351533213
5.08788158496965	0.753466107256035
5.07765066281917	0.757753546063749
5.06741023438443	0.762027533373493
5.05716034445658	0.766287933300444
5.04690103930471	0.770534608594004
5.03663236673752	0.774767420573524
5.02635437616898	0.778986229060292
5.01606711868809	0.783190892305655
5.00577064713298	0.787381266917858
4.99546501616968	0.791557207784163
4.98515028237593	0.795718567990926
4.97482650433024	0.799865198737126
4.96449374270666	0.803996949247752
4.95415206037561	0.808113666680833
4.94380152251114	0.812215196029609
4.93344219670516	0.816301380021473
4.92307415308911	0.820372059010814
4.91269746446352	0.824427070867500
4.90231220643611	0.828466250858092
4.89191845756902	0.832489431523649
4.88151629953589	0.836496442547348
4.87110581728940	0.840487110619667
4.86068709924023	0.844461259292141
4.85026023744810	0.848418708825811
4.83982532782602	0.852359276030875
4.82938247035867	0.856282774097226
4.81893176933596	0.860189012414580
4.80847333360308	0.864077796383908
4.79800727682840	0.867948927216447
4.78753371779045	0.871802201722248
4.77705278068573	0.875637412086110
4.76656459545906	0.879454345627896
4.75606929815828	0.883252784551826
4.74556703131539	0.887032505676084
4.73505794435637	0.890793280149678
4.72454219404229	0.894534873148861
4.71401994494426	0.898257043554022
4.70349136995531	0.901959543606561
4.69295665084254	0.905642118543143
4.68241597884315	0.909304506204004
4.67186955530836	0.912946436617709
4.66131759239969	0.916567631553318
4.65076031384253	0.920167804045919
4.64019795574243	0.923746657884927
4.62963076747016	0.927303887068596
4.61905901262223	0.930839175217296
4.60848297006429	0.934352194945135
4.59790293506585	0.937842607184345
4.58731922053526	0.941310060458029
4.57673215836563	0.944754190098851
4.56614210090282	0.948174617406239
4.55554942254863	0.951570948738736
4.54495452151344	0.954942774531809
4.53435782173456	0.958289668239043
4.52375977497831	0.961611185185959
4.51316086314634	0.964906861327670
4.50256160080901	0.968176211904266
4.49196253799192	0.971418729979565
4.48136426324451	0.974633884854471
4.47076740702420	0.977821120342634
4.46017264543300	0.980979852889724
4.44958070434954	0.984109469526745
4.43899236400431	0.987209325633523
4.42840846405321	0.990278742497613
4.41782990921173	0.993317004641789
4.40725767552092	0.996323356897964
4.39669281732673	0.999297001200793
4.38613647506540	1.00223709306426
4.37558988396172	1.00514273771289
4.36505438376209	1.00801298582446
4.35453142964267	1.01084682883966
4.34402260445352	1.01364319379294
4.33352963248395	1.01640093760606
4.32305439496231	1.01911884078550
4.31259894753502	1.02179560045245
4.30216554000784	1.02442982263382
4.29175663867374	1.02702001372463
4.28137495160185	1.02956457103569
4.27102345731660	1.03206177231996
4.26070579657497	1.03450970105497
4.25042491307100	1.03690646940267
4.24018512574727	1.03924987701709
4.22999087670686	1.04153759085579
4.21984708498277	1.04376708994557
4.20975921635209	1.04593564305431
4.19973335397685	1.04804028784515
4.18977627863221	1.05007780818731
4.17989555964615	1.05204470962937
4.17009965765096	1.05393719315387
4.16039804015056	1.05575112747075
4.15080131067513	1.05748202032600
4.14132135185830	1.05912498959278
4.13197148203551	1.06067473532231
4.12276662380370	1.06212551447787
4.11372348123941	1.06347112079941
4.10486071996415	1.06470487314884
4.09619914076892	1.06581961680123
4.08776183289978	1.06680774341856
4.07957428730671	1.06766123677145
4.07166444335419	1.06837175246078
4.06406263531778	1.06893074055426
4.05680139875502	1.06932961965235
4.04991509375046	1.06956000871542
4.04343930521948	1.06961401824484
4.03740999353452	1.06948459458523
4.03186239470374	1.06916590031153
4.02682970861344	1.06865370120082
4.02234166208775	1.06794571897060
4.01842308033401	1.06704190276842
4.01509263071687	1.06594457525814
4.01236190215383	1.06465842297071
4.01023494485709	1.06319032358552
4.00870832492889	1.06154902927467
4.00777166523667	1.05974474762628
4.00740857182173	1.05778867373927
4.00759780220655	1.05569252672116
4.00831452446819	1.05346813319792
4.00953153766416	1.05112708456524
4.01122036214182	1.04868047860369
4.01335214921055	1.04613874329322
4.01589839444881	1.04351153252295
4.01883146349995	1.04080767961826
4.02212495348478	1.03803519408007
4.02575391917666	1.03520128835722
4.02969499351382	1.03231242378965
4.03392642924447	1.02937436737313
4.03842808429093	1.02639225327806
4.04318136890380	1.02337064495384
4.04816916849213	1.02031359512269
4.05337575243690	1.01722470205140
4.05878667629915	1.01410716125833
4.06438868257982	1.01096381232903
4.07016960348536	1.00779718085636
4.07611826790168	1.00460951571718
4.08222441387659	1.00140282202348
4.08847860727996	0.998178890129978
4.09487216687566	0.994939321101372
4.10139709575245	0.991685549031459
4.10804601887766	0.988418860582823
4.11481212642661	0.985140412085474
4.12168912248392	0.981851244498675
4.12867117868759	0.978552296510957
4.13575310307881	0.975244309497860
4.14292943401599	0.971928272139369
4.15019576181885	0.968604760180142
4.15754773347073	0.965274409325273
4.16498130915290	0.961937792948183
4.17249271708493	0.958595433632406
4.18007843361286	0.955247807942798
4.18773516260481	0.951895351164021
4.19545981699582	0.948538461454710
4.20324950205246	0.945177503535445
4.21110150020045	0.941812811962872
4.21901325725263	0.938444694043702
4.22698236989423	0.935073432428314
4.23500657429726	0.931699287427543
4.24308373574973	0.928322499081768
4.25121183919861	0.924943289012384
4.25938898061513	0.921561862082704
4.26761335910184	0.918178407888387
4.27588326966893	0.914793102096868
4.28419709661551	0.911406107653910
4.29255330745789	0.908017575871052
4.30095044735315	0.904627647408030
4.30938713397183	0.901236453159250
4.31786205277827	0.897844115059059
4.32637395268116	0.894450746807907
4.33492164202104	0.891056454535527
4.34350398486457	0.887661337399849
4.35211989757850	0.884265488134247
4.36076834565889	0.880868993545318
4.36944834079349	0.877471934966419
4.37815893813764	0.874074388671704
4.38689923378537	0.870676426256312
4.39566836241963	0.867278114980687
4.40446549512679	0.863879518089834
4.41328983736214	0.860480695103727
4.42214062705413	0.857081702083699
4.43101713283622	0.853682591878228
4.43991865239662	0.850283414349649
4.44884451093635	0.846884216579925
4.45779405972759	0.843485043063369
4.46676667476447	0.840085935882494
4.47576175549952	0.836686934871267
4.48477872365927	0.833288077765306
4.49381702213332	0.829889400340821
4.50287611393127	0.826490936544173
4.51195548120303	0.823092718609892
4.52105462431758	0.819694777172034
4.53017306099633	0.816297141366144
4.53931032549717	0.812899838925112
4.54846596784574	0.809502896266765
4.55763955311065	0.806106338576117
4.56683066071987	0.802710189882536
4.57603888381509	0.799314473130444
4.58526382864223	0.795919210244982
4.59450511397500	0.792524422195391
4.60376237056987	0.789130129050814
4.61303524065032	0.785736350035914
4.62232337741834	0.782343103579483
4.63162644459168	0.778950407363036
4.64094411596503	0.775558278363623
4.65027607499405	0.772166732895678
4.65962201440027	0.768775786649181
4.66898163579610	0.765385454725649
4.67835464932851	0.761995751672640
4.68774077334031	0.758606691514739
4.69713973404812	0.755218287784021
4.70655126523570	0.751830553547918
4.71597510796222	0.748443501434928
4.72541101028437	0.745057143660376
4.73485872699138	0.741671492048848
4.74431801935267	0.738286558056694
4.75378865487684	0.734902352792298
4.76327040708198	0.731518887035231
4.77276305527621	0.728136171256033
4.78226638434808	0.724754215631638
4.79178018456644	0.721373030062821
4.80130425138896	0.717992624189464
4.81083838527911	0.714613007404912
4.82038239153108	0.711234188869797
4.82993608010210	0.707856177525244
4.83949926545202	0.704478982105003
4.84907176638964	0.701102611147254
4.85865340592531	0.697727073005748
4.86824401112981	0.694352375859531
4.87784341299895	0.690978527724292
4.88745144632364	0.687605536460093
4.89706794956530	0.684233409781662
4.90669276473616	0.680862155266347
4.91632573728432	0.677491780362307
4.92596671598342	0.674122292395992
4.93561555282646	0.670753698579051
4.94527210292384	0.667386006016736
4.95493622440527	0.664019221712641
4.96460777832540	0.660653352576454
4.97428662857302	0.657288405429012
4.98397264178365	0.653924387008472
4.99366568725535	0.650561303975876
5.00336563686765	0.647199162919936
5.01307236500341	0.643837970362123
5.02278574847357	0.640477732761817
5.03250566644446	0.637118456520431
5.04223200036786	0.633760147985928
5.05196463391344	0.630402813456823
5.06170345290350	0.627046459186175
5.07144834525016	0.623691091385980
5.08119920089447	0.620336716229960
5.09095591174784	0.616983339857599
5.10071837163525	0.613630968377745
5.11048647624052	0.610279607870673
5.12026012305330	0.606929264392866
5.13003921131784	0.603579943979021
5.13982364198349	0.600231652644820
5.14961331765672	0.596884396390415
5.15940814255477	0.593538181202625
5.16920802246067	0.590193013057012
5.17901286467987	0.586848897921893
5.18882257799805	0.583505841759379
5.19863707264029	0.580163850527979
5.20845626023161	0.576822930185432
5.21828005375862	0.573483086690221
5.22810836753228	0.570144326004227
5.23794111715196	0.566806654094293
5.24777821947041	0.563470076934554
5.25761959255988	0.560134600508394
5.26746515567913	0.556800230810364
5.27731482924153	0.553466973847030
5.28716853478394	0.550134835640884
5.29702619493660	0.546803822229493
5.30688773339383	0.543473939669699
5.31675307488551	0.540145194037009
5.32662214514945	0.536817591429041
5.33649487090444	0.533491137966209
5.34637117982406	0.530165839793029
5.35625100051124	0.526841703080438
5.36613426247345	0.523518734026591
5.37602089609857	0.520196938858687
5.38591083263145	0.516876323834521
5.39580400415097	0.513556895243336
5.40570034354778	0.510238659407638
5.41559978450260	0.506921622684777
5.42550226146506	0.503605791467610
5.43540770963303	0.500291172186388
5.44531606493256	0.496977771309990
5.45522726399820	0.493665595346984
5.46514124415391	0.490354650847157
5.47505794339431	0.487044944402357
5.48497730036650	0.483736482648805
5.49489925435224	0.480429272266954
5.50482374525051	0.477123319983517
5.51475071356054	0.473818632572541
5.52468010036523	0.470515216857027
5.53461184731488	0.467213079709089
5.54454589661133	0.463912228052456
5.55448219099242	0.460612668862963
5.56442067371679	0.457314409169352
5.57436128854907	0.454017456055629
5.58430397974524	0.450721816661323
5.59424869203845	0.447427498182637
5.60419537062506	0.444134507874264
5.61414396115089	0.440842853050508
5.62409440969790	0.437552541085819
5.63404666277103	0.434263579416538
5.64400066728526	0.430975975541936
5.65395637055307	0.427689737025696
5.66391372027194	0.424404871496641
5.67387266451221	0.421121386649982
5.68383315170516	0.417839290249023
5.69379513063119	0.414558590126373
5.70375855040838	0.411279294184046
5.71372336048108	0.408001410396294
5.72368951060877	0.404724946809573
5.73365695085513	0.401449911544553
5.74362563157725	0.398176312797316
5.75359550341497	0.394904158839922
5.76356651728048	0.391633458022570
5.77353862434802	0.388364218774527
5.78351177604373	0.385096449605079
5.79348592403565	0.381830159105716
5.80346102022389	0.378565355950580
5.81343701673094	0.375302048897944
5.82341386589201	0.372040246792149
5.83339152024566	0.368779958564491
5.84336993252442	0.365521193234351
5.85334905564557	0.362263959911693
5.86332884270203	0.359008267796676
5.87330924695338	0.355754126182989
5.88329022181693	0.352501544457964
5.89327172085893	0.349250532104620
5.90325369778584	0.346001098703030
5.91323610643575	0.342753253931744
5.92321890076979	0.339507007569259
5.93320203486370	0.336262369495962
5.94318546289944	0.333019349695394
5.95316913915689	0.329777958255252
5.96315301800557	0.326538205369982
5.97313705389654	0.323300101342197
5.98312120135421	0.320063656583670
5.99310541496829	0.316828881617601
6.00308964938584	0.313595787080400
6.01307385930329	0.310364383722563
6.02305799945847	0.307134682411606
6.03304202462287	0.303906694132771
6.04302588959369	0.300680429991633
6.05300954918614	0.297455901215238
6.06299295822565	0.294233119154767
6.07297607154019	0.291012095286542
6.08295884395252	0.287792841214338
6.09294123027252	0.284575368671695
6.10292318528960	0.281359689522933
6.11290466376502	0.278145815766108
6.12288562042429	0.274933759534792
6.13286600994958	0.271723533099995
6.14284578697207	0.268515148872025
6.15282490606443	0.265308619403106
6.16280332173320	0.262103957389404
6.17278098841121	0.258901175673107
6.18275786044999	0.255700287244764
6.19273389211219	0.252501305245805
6.20270903756395	0.249304242970205
6.21268325086732	0.246109113867450
6.22265648597261	0.242915931545365
6.23262869671078	0.239724709771083
6.24259983678574	0.236535462474852
6.25256985976666	0.233348203752206
6.26253871908033	0.230162947866604
6.27250636800335	0.226979709251610
6.28247275965437	0.223798502514275
6.29243784698633	0.220619342437434
6.30240158277859	0.217442243982541
6.31236391962905	0.214267222292381
6.32232480994626	0.211094292694141
6.33228420594143	0.207923470702538
6.34224205962043	0.204754772022453
6.35219832277572	0.201588212551784
6.36215294697825	0.198423808385226
6.37210588356929	0.195261575817025
6.38205708365218	0.192101531343954
6.39200649808406	0.188943691668934
6.40195407746752	0.185788073704445
6.41189977214215	0.182634694575877
6.42184353217606	0.179483571624613
6.43178530735732	0.176334722412056
6.44172504718533	0.173188164722872
6.45166270086204	0.170043916569082
6.46159821728322	0.166901996193390
6.47153154502952	0.163762422073492
6.48146263235751	0.160625212924977
6.49139142719058	0.157490387706803
6.50131787710983	0.154357965624142
6.51124192934474	0.151227966132647
6.52116353076387	0.148100408943612
6.53108262786533	0.144975314027091
6.54099916676725	0.141852701616757
6.55091309319805	0.138732592214992
6.56082435248667	0.135615006596139
6.57073288955263	0.132499965812554
6.58063864889600	0.129387491198208
6.59054157458722	0.126277604374236
6.60044161025680	0.123170327253879
6.61033869908491	0.120065682047453
6.62023278379082	0.116963691266756
6.63012380662215	0.113864377731879
6.64001170934410	0.110767764575291
6.64989643322838	0.107673875247825
6.65977791904212	0.104582733524270
6.66965610703655	0.101494363509006
6.67953093693557	0.0984087896420499
6.68940234792408	0.0953260367050275
6.69927027863627	0.0922461298266648
6.70913466714358	0.0891690944900203
6.71899545094267	0.0860949565381622
6.72885256694301	0.0830237421807536
6.73870595145449	0.0799554780013448
6.74855554017465	0.0768901909629731
6.75840126817588	0.0738279084162025
6.76824306989235	0.0707686581055765
6.77808087910669	0.0677124681773932
6.78791462893660	0.0646593671865118
6.79774425182112	0.0616093841044652
6.80756967950677	0.0585625483271276
6.81739084303341	0.0555188896819505
6.82720767271994	0.0524784384372382
6.83702009814972	0.0494412253094986
6.84682804815580	0.0464072814723838
6.85663145080585	0.0433766385649391
6.86643023338694	0.0403493287009483
6.87622432239001	0.0373253844778436
6.88601364349406	0.0343048389855556
6.89579812155017	0.0312877258168313
6.90557768056521	0.0282740790759360
6.91535224368523	0.0252639333896756
6.92512173317872	0.0222573239164335
6.93488607041943	0.0192542863574001
6.94464517586903	0.0162548569668252
6.95439896905941	0.0132590725632639
6.96414736857472	0.0102669705402968
6.97389029203314	0.00727858887781008
6.98362765606825	0.00429396615450428
6.99335937631022	0.00131314155930373
7.00308536736657	-0.00166384509679085
7.01280554280271	-0.00463695336715020
7.02251981512210	-0.00760614215771405
7.03222809574605	-0.0105713697131360
7.04193029499332	-0.0135325936032217
7.05162632205922	-0.0164897707101404
7.06131608499446	-0.0194428572127866
7.07099949068367	-0.0223918085737468
7.08067644482348	-0.0253365795233472
7.09034685190035	-0.0282771240448780
7.10001061516791	-0.0312133953589284
7.10966763662412	-0.0341453459079920
7.11931781698788	-0.0370729273385941
7.12896105567532	-0.0399960904865689
7.13859725077585	-0.0429147853578490
7.14822629902759	-0.0458289611119574
7.15784809579260	-0.0487385660438158
7.16746253503172	-0.0516435475647528
7.17706950927887	-0.0545438521840613
7.18666890961517	-0.0574394254889682
7.19626062564250	-0.0603302121248658
7.20584454545676	-0.0632161557743557
7.21542055562074	-0.0660971991371998
7.22498854113650	-0.0689732839075838
7.23454838541753	-0.0718443507523879
7.24409997026033	-0.0747103392888632
7.25364317581577	-0.0775711880603019
7.26317788055995	-0.0804268345128657
7.27270396126473	-0.0832772149710047
7.28222129296786	-0.0861222646113430
7.29172974894279	-0.0889619174378475
7.30122920066802	-0.0917961062544416
7.31071951779622	-0.0946247626379594
7.32020056812288	-0.0974478169102566
7.32967221755469	-0.100265198108882
7.33913433007758	-0.103076833957679
7.34858676772445	-0.105882650836987
7.35802939054260	-0.108682573751200
7.36746205656087	-0.111476526298045
7.37688462175655	-0.114264430634168
7.38629694002197	-0.117046207442581
7.39569886313101	-0.119821775897125
7.40509024070526	-0.122591053626684
7.41447092018011	-0.125353956678315
7.42384074677072	-0.128110399480234
7.43319956343782	-0.130860294802189
7.44254721085350	-0.133603553715531
7.45188352736698	-0.136340085552433
7.46120834897033	-0.139069797863498
7.47052150926441	-0.141792596374374
7.47982283942477	-0.144508384941153
7.48911216816787	-0.147217065504385
7.49838932171742	-0.149918538041347
7.50765412377115	-0.152612700518227
7.51690639546788	-0.155299448839581
7.52614595535515	-0.157978676796813
7.53537261935729	-0.160650276015205
7.54458620074420	-0.163314135900211
7.55378651010094	-0.165970143580236
7.56297335529803	-0.168618183848893
7.57214654146286	-0.171258139106751
7.58130587095215	-0.173889889298668
7.59045114332568	-0.176513311851944
7.59958215532137	-0.179128281610771
7.60869870083190	-0.181734670768993
7.61780057088318	-0.184332348802718
7.62688755361455	-0.186921182397592
7.63595943426120	-0.189501035377349
7.64501599513894	-0.192071768627160
7.65405701563143	-0.194633240017365
7.66308227218024	-0.197185304322709
7.67209153827809	-0.199727813140261
7.68108458446527	-0.202260614804221
7.69006117832989	-0.204783554298976
7.69902108451200	-0.207296473168857
7.70796406471220	-0.209799209424318
7.71688987770482	-0.212291597446809
7.72579827935641	-0.214773467889777
7.73468902264970	-0.217244647576072
7.74356185771364	-0.219704959393726
7.75241653186006	-0.222154222185575
7.76125278962736	-0.224592250639680
7.77007037283189	-0.227018855171220
7.77886902062768	-0.229433841804647
7.78764846957509	-0.231837012050071
7.79640845371921	-0.234228162775727
7.80514870467857	-0.236607086076904
7.81386895174527	-0.238973569139795
7.82256892199717	-0.241327394102046
7.83124834042314	-0.243668337907140
7.83990693006241	-0.245996172154350
7.84854441215910	-0.248310662945663
7.85716050633293	-0.250611570723655
7.86575493076759	-0.252898650107287
7.87432740241785	-0.255171649720276
7.88287763723681	-0.257430312014448
7.89140535042502	-0.259674373085463
7.89991025670287	-0.261903562483858
7.90839207060784	-0.264117603018648
7.91685050681873	-0.266316210552700
7.92528528050857	-0.268499093793406
7.93369610772839	-0.270665954072398
7.94208270582391	-0.272816485119859
7.95044479388772	-0.274950372829169
7.95878209324920	-0.277067295012194
7.96709432800503	-0.279166921147116
7.97538122559296	-0.281248912114098
7.98364251741202	-0.283312919922185
7.99187793949212	-0.285358587425381
8.00008723321669	-0.287385548026013
8.00827014610178	-0.289393425368065
8.01642643263546	-0.291381833015868
8.02455585518168	-0.293350374120050
8.03265818495271	-0.295298641070234
8.04073320305469	-0.297226215131103
8.04878070161127	-0.299132666063496
8.05680048497009	-0.301017551728152
8.06479237099766	-0.302880417673072
8.07275619246807	-0.304720796698753
8.08069179855144	-0.306538208405919
8.08859905640831	-0.308332158721316
8.09647785289631	-0.310102139398927
8.10432809639603	-0.311847627498936
8.11214971876268	-0.313568084839452
8.11994267741131	-0.315262957420411
8.12770695754285	-0.316931674819085
8.13544257451842	-0.318573649552990
8.14314957639054	-0.320188276409535
8.15082804659857	-0.321774931740237
8.15847810683714	-0.323332972716498
8.16609992010553	-0.324861736544727
8.17369369394618	-0.326360539638355
8.18125968388058	-0.327828676744965
8.18879819705013	-0.329265420022054
8.19630959606942	-0.330670018064861
8.20379430309884	-0.332041694876647
8.21125280414226	-0.333379648783172
8.21868553050308	-0.334683144563917
8.22609334621018	-0.335951140748938
8.23347684459647	-0.337182843603181
8.24083681296364	-0.338377336215196
8.24817412908248	-0.339533670034089
8.25548976524295	-0.340650862964641
8.26278479415301	-0.341727897810477
8.27006039504475	-0.342763720648394
8.27731785996062	-0.343757239133879
8.28455860019235	-0.344707320740368
8.29178415283684	-0.345612790940542
8.29899618742482	-0.346472431335611
8.30619651256621	-0.347284977744635
8.31338708254426	-0.348049118269507
8.32057000377572	-0.348763491356250
8.32774754103789	-0.349426683874287
8.33492212334461	-0.350037229252341
8.34209634933268	-0.350593605700687
8.34927299199661	-0.351094234577358
8.35645500258499	-0.351537478945702
8.36364551344437	-0.351921642401358
8.37084783956865	-0.352244968240999
8.37806547858260	-0.352505639069609
8.38530210886043	-0.352701776954879
8.39256158545388	-0.352831444245183
8.39984793348189	-0.352892645190824
8.40716533861880	-0.352883328511399
8.41451813431171	-0.352801391070622
8.42191078536531	-0.352644682820438
8.42934786755776	-0.352411013179266
8.43683404299774	-0.352098159005660
8.44437403100711	-0.351703874308990
8.45197257441766	-0.351225901813050
8.45963440130843	-0.350661986448076
8.46736418238309	-0.350009890785964
8.47516648439360	-0.349267412365758
8.48304572025119	-0.348432402760917
8.49100609671941	-0.347502788141652
8.49905156084395	-0.346476590967498
8.50718574651692	-0.345351952336790
8.51541192278276	-0.344127154398025
8.52373294563712	-0.342800642143560
8.53215121513030	-0.341371043832215
8.54066863953828	-0.339837189257202
8.54928660819719	-0.338198125098296
8.55800597430762	-0.336453126662822
8.56682704861635	-0.334601705444066
8.57574960439747	-0.332643612098298
8.58477289362198	-0.330578834646405
8.59389567366717	-0.328407591932548
8.60311624342043	-0.326130322601357
8.61243248722187	-0.323747670060461
8.62184192479442	-0.321260464069802
8.63134176515229	-0.318669699718567
8.64092896245689	-0.315976514620415
8.65060027189798	-0.313182165165078
8.66035230388757	-0.310288002622742
8.67018157514069	-0.307295449813226
8.68008455554302	-0.304205978940835
8.69005771004261	-0.301021091063366
8.70009753512438	-0.297742297529474
8.71020058971151	-0.294371103592436
8.72036352057731	-0.290908994289080
8.73058308253683	-0.287357422579060
8.74085732107508	-0.283717329700734
8.75118078649611	-0.279991073471750
8.76155204377081	-0.276179380661665
8.77196824958305	-0.272283562965682
8.78242688417543	-0.268304792726651
8.79292553667124	-0.264244193349884
8.80346194449165	-0.260102822143183
8.81403398331777	-0.255881673272432
8.82463966305607	-0.251581678418537
8.83527712184000	-0.247203708475235
8.84594461973943	-0.242748575574305
8.85664053216102	-0.238217035416818
8.86736334313972	-0.233609789807066
8.87811163864517	-0.228927489311950
8.88888410000329	-0.224170735983006
8.89967949750769	-0.219340086092045
8.91049668427482	-0.214436052840865
8.92133459038000	-0.209459109012548
8.93219221729780	-0.204409689544276
8.94306863265943	-0.199288194002822
8.95396296533148	-0.194094988953927
8.96487440081374	-0.188830410214095
8.97580217694931	-0.183494764986474
8.98674557993635	-0.178088333875654
8.99770394062884	-0.172611372782413
9.00867663111159	-0.167064114683530
9.01966306153446	-0.161446771296735
9.03066267718964	-0.155759534637685
9.04167495581644	-0.150002578472048
9.05269940511791	-0.144176059669186
9.06373556047410	-0.138280119461917
9.07478298283764	-0.132314884618460
9.08584125679777	-0.126280468531290
9.09690998879971	-0.120176972228862
9.10798880550731	-0.114004485314647
9.11907735229747	-0.107763086838851
9.13017529187568	-0.101452846107739
9.14128230300285	-0.0950738234339429
9.15239807932430	-0.0886260708327154
9.16352232829248	-0.0821096326689535
9.17465477017565	-0.0755245462559573
9.18579513714539	-0.0688708424130081
9.19694317243637	-0.0621485459812667
9.20809862957244	-0.0553576763037951
9.21926127165340	-0.0484982476719947
9.23043087069751	-0.0415702697385005
9.24160720703508	-0.0345737479027147
9.25279006874886	-0.0275086836689112
9.26397925115744	-0.0203750749783952
9.27517455633816	-0.0131729165205273
9.28637579268608	-0.00590220002000460
9.29758277450632	0.00143708549391302
9.30879532163688	0.00884495343668441
9.32001325909957	0.0163214194354806
9.33123641677670	0.0238665011109905
9.34246462911158	0.0314802178740951
9.35369773483077	0.0391625907362490
9.36493557668656	0.0469136421316324
9.37617800121788	0.0547333957516358
9.38742485852830	0.0626218763894132
9.39867600207988	0.0705791097947555
9.40993128850138	0.0786051225383211
9.42119057741002	0.0866999418836362
9.43245373124555	0.0948635956682100
9.44372061511579	0.103096112191294
9.45499109665274	0.111397520108783
9.46626504587849	0.119767848334225
9.47754233508016	0.128207125946577
9.48882283869329	0.136715382102620
9.50010643319290	0.145292645954901
9.51139299699188	0.153938946575161
9.52268241034594	0.162654312881036
9.53397455526488	0.171438773568127
9.54526931542953	0.180292357045371
9.55656657611408	0.189215091374229
9.56786622411338	0.198207004211636
9.57916814767490	0.207268122755415
9.59047223643489	0.216398473693923
9.60177838135868	0.225598083157294
9.61308647468464	0.234866976672312
9.62439640987164	0.244205179119016
9.63570808154973	0.253612714690222
9.64702138547389	0.263089606853202
9.65833621848056	0.272635878312906
9.66965247844687	0.282251550977942
9.68097006425229	0.291936645927701
9.69228887574257	0.301691183381609
9.70360881369589	0.311515182670035
9.71492977979100	0.321408662206465
9.72625167657724	0.331371639461328
9.73757440744635	0.341404130937454
9.74889787660594	0.351506152146141
9.76022198905447	0.361677717585283
9.77154665055774	0.371918840718006
9.78287176762674	0.382229533953097
9.79419724749678	0.392609808625669
9.80552299810778	0.403059674979439
9.81684892808578	0.413579142149984
9.82817494672542	0.424168218148377
9.83950096397354	0.434826909846408
9.85082689041359	0.445555222961957
9.86215263725100	0.456353162045491
9.87347811629942	0.467220730467561
9.88480323996764	0.478157930406377
9.89612792124735	0.489164762836774
9.90745207370156	0.500241227519237
9.91877561145364	0.511387322989948
9.93009844917708	0.522603046551339
9.94142050208571	0.533888394263227
9.95274168592459	0.545243360934336
9.96406191696133	0.556667940114707
9.97538111197796	0.568162124088308
9.98669918826326	0.579725903866379
9.99801606360548	0.591359269180958
10.0093316562855	0.603062208479191
10.0206458850706	0.614834708918014
10.0319586692079	0.626676756359071
10.0432699284192	0.638588335364189
10.0545795828954	0.650569429191381
10.0658875532913	0.662620019791001
10.0771937607209	0.674740087802371
10.0884981267529	0.686929612550999
10.0998005734068	0.699188572045655
10.1111010231484	0.711516942976246
10.1223993988863	0.723914700711914
10.1336956239685	0.736381819299344
10.1449896221790	0.748918271461357
10.1562813177348	0.761524028596137
10.1675706352829	0.774199060776319
10.1788574998974	0.786943336748794
10.1901418370776	0.799756823934385
10.2014235727448	0.812639488428111
10.2127026332407	0.825591294999644
10.2239789453249	0.838612207093940
10.2352524361734	0.851702186832202
10.2465230333763	0.864861195013126
10.2577906649364	0.878089191114340
10.2690552592676	0.891386133294060
10.2803167451934	0.904751978393049
10.2915750519455	0.918186681936785
10.3028301091626	0.931690198137815
10.3140818468892	0.945262479898399
10.3253301955747	0.958903478813282
10.3365750860720	0.972613145172770
10.3478164496369	0.986391427965940
10.3590542179274	1.00023827488409
10.3702883230025	1.01415363232438
10.3815186973216	1.02813744539366
10.3927452737441	1.04218965791250
10.4039679855288	1.05631021241939
10.4151867663330	1.07049905017514
10.4264015502122	1.08475611116743
10.4376122716199	1.09908133411560
10.4488188654069	1.11347465647552
10.4600212668210	1.12793601444473
10.4712194115068	1.14246534296763
10.4824132355053	1.15706257574094
10.4936026752537	1.17172764521924
10.5047876675853	1.18646048262071
10.5159681497291	1.20126101793307
10.5271440593097	1.21612917991946
10.5383153343472	1.23106489612475
10.5494819132571	1.24606809288181
10.5606437348503	1.26113869531797
10.5718007383327	1.27627662736159
10.5829528633053	1.29148181174883
10.5941000497644	1.30675417003048
10.6052422381012	1.32209362257890
10.6163793691018	1.33750008859529
10.6275113839474	1.35297348611677
10.6386382242142	1.36851373202373
10.6497598318733	1.38412074204746
10.6608761492907	1.39979443077761
10.6719871192275	1.41553471166984
10.6830926848396	1.43134149705379
10.6941927896780	1.44721469814094
10.7052873776885	1.46315422503247
10.7163763932121	1.47915998672765
10.7274597809846	1.49523189113185
10.7385374861367	1.51136984506492
10.7496094541942	1.52757375426962
10.7606756310777	1.54384352342023
10.7717359631029	1.56017905613077
10.7827903969803	1.57658025496417
10.7938388798150	1.59304702144066
10.8048813591073	1.60957925604672
10.8159177827520	1.62617685824410
10.8269480990387	1.64283972647870
10.8379722566514	1.65956775818962
10.8489902046690	1.67636084981851
10.8600018925645	1.69321889681844
10.8710072702052	1.71014179366357
10.8820062878528	1.72712943385810
10.8929988961629	1.74418170994601
10.9039850461849	1.76129851352042
10.9149646893622	1.77847973523294
10.9259377775314	1.79572526480349
10.9369042629227	1.81303499102977
10.9478640981591	1.83040880179712
10.9588172362568	1.84784658408807
10.9697636306246	1.86534822399223
10.9807032350634	1.88291360671607
10.9916360037663	1.90054261659267
11.0025618913184	1.91823513709196