0	0
0.120130766427964	0.0988585137392557
0.240643132679347	0.196150043124304
0.361572364070687	0.291946519188944
0.482907538624409	0.386276734695548
0.604638500104138	0.479171961306315
0.726755077284333	0.570662659033519
0.849247313603573	0.660778644128883
0.972105466137506	0.749549094913055
1.09532000338757	0.837002556918167
1.21888160291193	0.923166948900878
1.34278114876244	1.00806956959018
1.46700972875063	1.09173710508569
1.59155863156349	1.17419563682787
1.71641934374844	1.25547065006768
1.84158354658545	1.33558704276806
1.96704311286293	1.41456913487562
2.09279010357284	1.49244067790494
2.21881676453920	1.56922486478336
2.34511555043099	1.64494638268403
2.47167886907062	1.71962313084288
2.59849981596497	1.79327893747328
2.72557119537546	1.86593477756732
2.85288612540441	1.93761120485602
2.98043788786319	2.00832827650948
3.10821992490329	2.07810556375101
3.23622583550253	2.14696216236520
3.36444937196871	2.21491670315982
3.49288443646707	2.28198736236244
3.62152507757644	2.34819187193405
3.75036548687863	2.41354752978417
3.87939999558503	2.47807120987376
4.00862307120410	2.54177937219384
4.13802931425260	2.60468807260930
4.26761345501358	2.66681297255886
4.39737035034322	2.72816934860327
4.52729498052870	2.78877210181525
4.65738244619880	2.84863576700544
4.78762796528855	2.90777452178005
4.91802687005923	2.96620219542621
5.04857460417457	3.02393227762257
5.17926671983386	3.08097792697252
5.31009887496264	3.13735197935907
5.44106683046104	3.19306695612012
5.57216644751020	3.24813507204404
5.70339368493670	3.30256824318560
5.83474459663486	3.35637809450285
5.96621532904678	3.40957596731589
6.09780211869973	3.46217292658900
6.22950128980047	3.51417976803742
6.36130925188604	3.56560702506103
6.49322249753036	3.61646497550668
6.62523760010610	3.66676364826186
6.75735121160097	3.71651282968177
6.88956006048779	3.76572206985277
7.02186094964748	3.81440068869487
7.15425075434410	3.86255778190597
7.28672642025121	3.91020222675105
7.41928496152837	3.95734268769919
7.55192345894721	4.00398762191148
7.68463905806581	4.05014528458305
7.81742896745063	4.09582373414225
7.95029045694499	4.14103083731026
8.08322083626716	4.18577339653166
8.21621757147815	4.23006069248777
8.34927800775037	4.27389912757814
8.48239968324176	4.31729586212520
8.61558014976596	4.36025787566749
8.74881701094325	4.40279198351932
8.88210792077432	4.44490484106224
9.01545058224249	4.48660294779891
9.14884274595729	4.52789265129696
9.28228220883497	4.56878015102424
9.41576681281483	4.60927150207802
9.54929444361082	4.64937261881121
9.68286302949728	4.68908927835825
9.81647054012796	4.72842712406349
9.95011498538760	4.76739166881460
10.0837944142751	4.80598829828381
10.2175069138174	4.84422227407941
10.3512506080136	4.88209873681003
10.4850236568080	4.91962270906419
10.6188242550916	4.95679909830752
10.7526506317316	4.99363269969991
10.8865010486272	5.03012819883492
11.0203737997922	5.06629017440374
11.1542672104626	5.10212310078570
11.2881796362294	5.13763135056753
11.4221094621951	5.17281919699353
11.5560551021540	5.20769081634839
11.6900149977950	5.24225029027495
11.8239876179269	5.27650160802840
11.9579714577252	5.31044866866914
12.0919650379993	5.34409528319588
12.2259669044810	5.37744517662065
12.3599756271325	5.41050198998773
12.4939897994733	5.44326928233779
12.6280080379261	5.47575053261909
12.7620289811813	5.50794914154713
12.8960512895788	5.53986843341440
13.0300736445068	5.57151165785160
13.1640947478185	5.60288199154174
13.2981133212633	5.63398253988867
13.4321281059358	5.66481633864111
13.5661378617384	5.69538635547374
13.7001413668607	5.72569549152647
13.8341374172715	5.75574658290311
13.9681248262270	5.78554240213080
14.1021024237909	5.81508565958107
14.2360690563694	5.84437900485395
14.3700235862583	5.87342502812601
14.5039648912034	5.90222626146345
14.6378918639725	5.93078518010138
14.7718034119402	5.95910420368999
14.9056984566842	5.98718569750892
15.0395759335920	6.01503197365057
15.1734347914804	6.04264529217320
15.3072739922241	6.07002786222497
15.4410925103959	6.09718184313935
15.5748893329162	6.12410934550326
15.7086634587135	6.15081243219817
15.8424138983932	6.17729311941548
15.9761396739170	6.20355337764647
16.1098398182910	6.22959513264795
16.2435133752623	6.25542026638395
16.3771593990251	6.28103061794444
16.5107769539343	6.30642798444163
16.6443651142285	6.33161412188449
16.7779229637596	6.35659074603203
16.9114495957317	6.38135953322622
17.0449441124462	6.40592212120483
17.1784056250557	6.43028010989499
17.3118332533238	6.45443506218788
17.4452261253928	6.47838850469522
17.5785833775580	6.50214192848792
17.7119041540491	6.52569678981765
17.8451876068172	6.54905451082149
17.9784328953288	6.57221648021040
18.1116391863664	6.59518405394199
18.2448056538342	6.61795855587770
18.3779314785704	6.64054127842532
18.5110158481651	6.66293348316687
18.6440579567836	6.68513640147247
18.7770570049955	6.70715123510048
18.9100121996091	6.72897915678441
19.0429227535108	6.75062131080690
19.1757878855097	6.77207881356113
19.3086068201877	6.79335275410001
19.4413787877532	6.81444419467365
19.5741030239013	6.83535417125514
19.7067787696769	6.85608369405526
19.8394052713437	6.87663374802626
19.9719817802566	6.89700529335508
20.1045075527393	6.91719926594629
20.2369818499657	6.93721657789502
20.3694039378451	6.95705811795022
20.5017730869120	6.97672475196845
20.6340885722200	6.99621732335848
20.7663496732385	7.01553665351700
20.8985556737544	7.03468354225559
21.0307058617770	7.05365876821940
21.1627995294462	7.07246308929739
21.2948359729446	7.09109724302484
21.4268144924130	7.10956194697791
21.5587343918694	7.12785789916082
21.6905949791309	7.14598577838553
21.8223955657390	7.16394624464442
21.9541354668885	7.18173993947592
22.0858140013590	7.19936748632351
22.2174304914492	7.21682949088802
22.3489842629151	7.23412654147363
22.4804746449099	7.25125920932765
22.6119009699278	7.26822804897418
22.7432625737501	7.28503359854195
22.8745587953937	7.30167638008645
23.0057889770630	7.31815689990639
23.1369524641035	7.33447564885486
23.2680486049589	7.35063310264509
23.3990767511302	7.36662972215114
23.5300362571369	7.38246595370362
23.6609264804813	7.39814222938041
23.7917467816144	7.41365896729278
23.9224965239049	7.42901657186677
24.0531750736099	7.44421543412018
24.1837817998474	7.45925593193509
24.3143160745723	7.47413843032615
24.4447772725526	7.48886328170470
24.5751647682314	7.50343103270131
24.7054779451770	7.51784159649821
24.8357161894125	7.53209549778588
24.9658788837279	7.54619304083474
25.0959654166882	7.56013451886248
25.2259751795757	7.57392021398691
25.3559075663820	7.58755039746352
25.4857619737995	7.60102532991984
25.6155378012160	7.61434526158661
25.7452344507101	7.62751043252564
25.8748513270488	7.64052107285452
26.0043878376860	7.65337740296828
26.1338433927636	7.66607963375802
26.2632174051127	7.67862796682664
26.3925092902576	7.69102259470164
26.5217184664205	7.70326370104517
26.6508443545276	7.71535146086136
26.7798863782172	7.72728604070087
26.9088439638480	7.73906759886297
27.0377165405098	7.75069628559494
27.1665035400348	7.76217224328900
27.2952043970105	7.77349560667683
27.4238185487933	7.78466650302164
27.5523454355236	7.79568505230790
27.6807845001424	7.80655136742880
27.8091351884078	7.81726555437139
27.9373969489139	7.82782771239960
28.0655692331097	7.83823793423500
28.1936514953196	7.84849630623552
28.3216431927645	7.85860290857198
28.4495437855841	7.86855781540269
28.5773527368597	7.87836109504594
28.7050695126383	7.88801281015057
28.8326935819570	7.89751301786460
28.9602244168689	7.90686177000190
29.0876614924691	7.91605911320707
29.2150042869215	7.92510508911834
29.3422522814867	7.93399973452880
29.4694049605505	7.94274308154579
29.5964618116523	7.95133515774843
29.7234223255152	7.95977598634356
29.8502859960759	7.96806558631987
29.9770523205155	7.97620397260038
30.1037207992903	7.98419115619322
30.2302909361641	7.99202714434082
30.3567622382400	7.99971194066738
30.4831342159927	8.00724554532489
30.6094063833021	8.01462795513734
30.7355782574859	8.02185916374357
30.8616493593340	8.02893916173845
30.9876192131417	8.03586793681254
31.1134873467448	8.04264547389027
31.2392532915532	8.04927175526652
31.3649165825865	8.05574676074183
31.4904767585083	8.06207046775603
31.6159333616618	8.06824285152041
31.7412859381047	8.07426388514849
31.8665340376447	8.08013353978530
31.9916772138752	8.08585178473519
32.1167150242105	8.09141858758834
32.2416470299216	8.09683391434565
32.3664727961716	8.10209772954239
32.4911918920517	8.10720999637041
32.6158038906164	8.11217067679893
32.7403083689190	8.11697973169389
32.8647049080473	8.12163712093606
32.9889930931586	8.12614280353764
33.1131725135151	8.13049673775757
33.2372427625188	8.13469888121544
33.3612034377463	8.13874919100409
33.4850541409836	8.14264762380074
33.6087944782605	8.14639413597694
33.7324240598846	8.14998868370703
33.8559425004754	8.15343122307534
33.9793494189976	8.15672171018201
34.1026444387947	8.15986010124748
34.2258271876221	8.16284635271568
34.3488972976792	8.16568042135586
34.4718544056419	8.16836226436310
34.5946981526946	8.17089183945746
34.7174281845613	8.17326910498189
34.8400441515370	8.17549401999876
34.9625457085177	8.17756654438503
35.0849325150308	8.17948663892624
35.2072042352650	8.18125426540900
35.3293605380985	8.18286938671233
35.4514010971283	8.18433196689758
35.5733255906980	8.18564197129711
35.6951337019251	8.18679936660154
35.8168251187281	8.18780412094590
35.9383995338525	8.18865620399424
36.0598566448968	8.18935558702306
36.1811961543374	8.18990224300343
36.3024177695528	8.19029614668176
36.4235212028481	8.19053727465932
36.5445061714772	8.19062560547037
36.6653723976660	8.19056111965910
36.7861196086336	8.19034379985513
36.9067475366140	8.18997363084788
37.0272559188758	8.18945059965952
37.1476444977422	8.18877469561659
37.2679130206098	8.18794591042047
37.3880612399668	8.18696423821642
37.5080889134106	8.18582967566141
37.6279958036640	8.18454222199059
37.7477816785913	8.18310187908254
37.8674463112138	8.18150865152317
37.9869894797233	8.17976254666839
38.1064109674964	8.17786357470544
38.2257105631067	8.17581174871301
38.3448880603371	8.17360708471998
38.4639432581905	8.17124960176299
38.5828759609004	8.16873932194268
38.7016859779403	8.16607627047868
38.8203731240322	8.16326047576328
38.9389372191546	8.16029196941391
39.0573780885490	8.15717078632433
39.1756955627267	8.15389696471456
39.2938894774736	8.15047054617953
39.4119596738548	8.14689157573654
39.5299059982181	8.14316010187144
39.6477283021967	8.13927617658354
39.7654264427111	8.13523985542934
39.8830002819705	8.13105119756501
40.0004496874724	8.12671026578762
40.1177745320021	8.12221712657515
40.2349746936314	8.11757185012536
40.3520500557161	8.11277451039329
40.4690005068928	8.10782518512777
40.5858259410746	8.10272395590649
40.7025262574464	8.09747090817007
40.8191013604594	8.09206613125488
40.9355511598239	8.08650971842462
41.0518755705023	8.08080176690082
41.1680745127007	8.07494237789207
41.2841479118599	8.06893165662224
41.4000956986454	8.06276971235737
41.5159178089366	8.05645665843151
41.6316141838153	8.04999261227145
41.7471847695535	8.04337769542023
41.8626295176001	8.03661203355962
41.9779483845667	8.02969575653140
42.0931413322135	8.02262899835757
42.2082083274331	8.01541189725952
42.3231493422344	8.00804459567599
42.4379643537257	8.00052724028003
42.5526533440968	7.99285998199491
42.6672163006003	7.98504297600886
42.7816532155322	7.97707638178889
42.8959640862121	7.96896036309346
43.0101489149621	7.96069508798415
43.1242077090855	7.95228072883633
43.2381404808445	7.94371746234879
43.3519472474369	7.93500546955234
43.4656280309733	7.92614493581748
43.5791828584521	7.91713605086102
43.6926117617345	7.90797900875174
43.8059147775195	7.89867400791514
43.9190919473168	7.88922125113715
44.0321433174204	7.87962094556692
44.1450689388810	7.86987330271876
44.2578688674776	7.85997853847304
44.3705431636888	7.84993687307625
44.4830918926635	7.83974853114011
44.5955151241908	7.82941374163990
44.7078129326695	7.81893273791173
44.8199853970771	7.80830575764913
44.9320326009379	7.79753304289866
45.0439546322912	7.78661484005473
45.1557515836580	7.77555139985359
45.2674235520082	7.76434297736645
45.3789706387270	7.75298983199186
45.4903929495800	7.74149222744727
45.6016905946792	7.72985043175973
45.7128636884473	7.71806471725597
45.8239123495824	7.70613536055154
45.9348367010218	7.69406264253936
46.0456368699054	7.68184684837740
46.1563129875390	7.66948826747574
46.2668651893568	7.65698719348284
46.3772936148837	7.64434392427114
46.4875984076971	7.63155876192197
46.5977797153889	7.61863201270977
46.7078376895260	7.60556398708563
46.8177724856116	7.59235499966024
46.9275842630454	7.57900536918611
47.0372731850843	7.56551541853919
47.1468394148968	7.55188541356347
47.2562831303035	7.53811580819783
47.3656045037154	7.52420687573770
47.4748037125200	7.51015895544794
47.5838809386518	7.49597239052751
47.6928363676561	7.48164752817339
47.8016701886483	7.46718471956073
47.9103825942723	7.45258431981988
48.0189737806581	7.43784668801280
48.1274439473794	7.42297218710908
48.2357932974115	7.40796118396139
48.3440220370879	7.39281404928041
48.4521303760584	7.37753115760937
48.5601185272450	7.36211288729801
48.6679867067996	7.34655962047623
48.7757351340604	7.33087174302713
48.8833640315083	7.31504964455973
48.9908736247238	7.29909371838119
49.0982641423430	7.28300436146874
49.2055358160143	7.26678197444104
49.3126888803542	7.25042696152928
49.4197235729038	7.23393973054783
49.5266401340846	7.21732069286457
49.6334388071550	7.20057026337081
49.7401198381660	7.18368886045091
49.8466834759171	7.16667690595151
49.9531299719127	7.14953482515050
50.0594595803176	7.13226304672561
50.1656725579133	7.11486200272270
50.2717691640540	7.09733212852382
50.3777496606225	7.07967386281486
50.4836143119862	7.06188764755308
50.5893633849532	7.04397392793420
50.6949971487287	7.02593315235938
50.8005158748708	7.00776577240184
50.9059198372470	6.98947224277332
51.0112093119905	6.97105302129031
51.1163845774566	6.95250856883993
51.2214459141790	6.93383934934578
51.3263936048267	6.91504582973349
51.4312279341606	6.89612847989604
51.5359491889903	6.87708777265900
51.6405576581308	6.85792418374551
51.7450536323601	6.83863819174110
51.8494374043757	6.81923027805839
51.9537092687526	6.79970092690163
52.0578695219002	6.78005062523103
52.1619184620205	6.76027986272706
52.2658563890653	6.74038913175453
52.3696836046945	6.72037892732661
52.4734004122343	6.70024974706870
52.5770071166351	6.68000209118224
52.6805040244306	6.65963646240834
52.7838914436957	6.63915336599144
52.8871696840062	6.61855330964278
52.9903390563972	6.59783680350384
53.0933998733226	6.57700436010972
53.1963524486148	6.55605649435244
53.2991970974439	6.53499372344418
53.4019341362782	6.51381656688054
53.5045638828437	6.49252554640359
53.6070866560852	6.47112118596511
53.7095027761261	6.44960401168962
53.8118125642297	6.42797455183749
53.9140163427604	6.40623333676796
54.0161144351444	6.38438089890222
54.1181071658319	6.36241777268644
54.2199948602585	6.34034449455481
54.3217778448073	6.31816160289261
54.4234564467716	6.29586963799923
54.5250309943168	6.27346914205128
54.6265018164437	6.25096065906570
54.7278692429515	6.22834473486285
54.8291336044013	6.20562191702971
54.9302952320792	6.18279275488307
55.0313544579609	6.15985779943276
55.1323116146754	6.13681760334494
55.2331670354697	6.11367272090550
55.3339210541734	6.09042370798335
55.4345740051636	6.06707112199398
55.5351262233305	6.04361552186296
55.6355780440429	6.02005746798951
55.7359298031138	5.99639752221020
55.8361818367668	5.97263624776268
55.9363344816025	5.94877420924953
56.0363880745651	5.92481197260216
56.1363429529096	5.90075010504483
56.2361994541691	5.87658917505874
56.3359579161221	5.85232975234625
56.4356186767607	5.82797240779516
56.5351820742588	5.80351771344308
56.6346484469402	5.77896624244205
56.7340181332480	5.75431856902300
56.8332914717129	5.72957526846064
56.9324688009233	5.70473691703822
57.0315504594945	5.67980409201251
57.1305367860387	5.65477737157892
57.2294281191355	5.62965733483673
57.3282247973022	5.60444456175438
57.4269271589645	5.57913963313500
57.5255355424283	5.55374313058203
57.6240502858502	5.52825563646491
57.7224717272099	5.50267773388503
57.8208002042822	5.47701000664172
57.9190360546087	5.45125303919845
58.0171796154712	5.42540741664911
58.1152312238640	5.39947372468452
58.2131912164675	5.37345254955898
58.3110599296212	5.34734447805711
58.4088376992980	5.32115009746071
58.5065248610780	5.29486999551587
58.6041217501227	5.26850476040018
58.7016287011498	5.24205498069013
58.7990460484084	5.21552124532865
58.8963741256535	5.18890414359286
58.9936132661221	5.16220426506187
59.0907638025087	5.13542219958491
59.1878260669415	5.10855853724947
59.2848003909584	5.08161386834973
59.3816871054843	5.05458878335505
59.4784865408069	5.02748387287872
59.5751990265550	5.00029972764684
59.6718248916752	4.97303693846742
59.7683644644098	4.94569609619952
59.8648180722748	4.91827779172274
59.9611860420383	4.89078261590676
60.0574686996987	4.86321115958117
60.1536663704637	4.83556401350528
60.2497793787291	4.80784176833839
60.3458080480585	4.78004501460999
60.4417527011626	4.75217434269025
60.5376136598789	4.72423034276068
60.6333912451520	4.69621360478503
60.7290857770141	4.66812471848018
60.8246975745651	4.63996427328750
60.9202269559536	4.61173285834410
61.0156742383585	4.58343106245451
61.1110397379694	4.55505947406233
61.2063237699691	4.52661868122225
61.3015266485148	4.49810927157215
61.3966486867203	4.46953183230538
61.4916901966385	4.44088695014327
61.5866514892438	4.41217521130786
61.6815328744149	4.38339720149464
61.7763346609174	4.35455350584574
61.8710571563879	4.32564470892305
61.9657006673166	4.29667139468174
62.0602654990315	4.26763414644378
62.1547519556821	4.23853354687178
62.2491603402236	4.20937017794299
62.3434909544010	4.18014462092340
62.4377440987341	4.15085745634215
62.5319200725021	4.12150926396604
62.6260191737284	4.09210062277428
62.7200416991660	4.06263211093336
62.8139879442827	4.03310430577215
62.9078582032471	4.00351778375723
63.0016527689141	3.97387312046828
63.0953719328108	3.94417089057381
63.1890159851232	3.91441166780690
63.2825852146821	3.88459602494130
63.3760799089500	3.85472453376758
63.4695003540078	3.82479776506956
63.5628468345418	3.79481628860084
63.6561196338307	3.76478067306154
63.7493190337335	3.73469148607527
63.8424453146764	3.70454929416624
63.9354987556407	3.67435466273652
64.0284796341509	3.64410815604356
64.1213882262627	3.61381033717782
64.2142248065511	3.58346176804059
64.3069896480989	3.55306300932204
64.3996830224852	3.52261462047942
64.4923051997743	3.49211715971537
64.5848564485047	3.46157118395655
64.6773370356778	3.43097724883229
64.7697472267473	3.40033590865355
64.8620872856089	3.36964771639195
64.9543574745892	3.33891322365904
65.0465580544362	3.30813298068577
65.1386892843083	3.27730753630200
65.2307514217650	3.24643743791633
65.3227447227566	3.21552323149603
65.4146694416146	3.18456546154715
65.5065258310423	3.15356467109481
65.5983141421052	3.12252140166364
65.6900346242214	3.09143619325842
65.7816875251530	3.06030958434485
65.8732730909968	3.02914211183049
65.9647915661754	2.99793431104594
66.0562431934282	2.96668671572608
66.1476282138031	2.93539985799155
66.2389468666479	2.90407426833027
66.3301993896015	2.87271047557940
66.4213860185863	2.84130900690710
66.5125069877994	2.80987038779472
66.6035625297047	2.77839514201902
66.6945528750253	2.74688379163464
66.7854782527349	2.71533685695662
66.8763388900511	2.68375485654311
66.9671350124268	2.65213830717837
67.0578668435433	2.62048772385568
67.1485346053025	2.58880361976062
67.2391385178197	2.55708650625436
67.3296787994167	2.52533689285719
67.4201556666141	2.49355528723220
67.5105693341246	2.46174219516902
67.6009200148459	2.42989812056779
67.6912079198540	2.39802356542323
67.7814332583963	2.36611902980897
67.8715962378850	2.33418501186184
67.9616970638902	2.30222200776634
68.0517359401340	2.27023051173956
68.1417130684833	2.23821101601570
68.2316286489439	2.20616401083121
68.3214828796541	2.17408998440980
68.4112759568783	2.14198942294776
68.5010080750011	2.10986281059916
68.5906794265210	2.07771062946157
68.6802902020446	2.04553335956149
68.7698405902804	2.01333147884024
68.8593307780329	1.98110546313989
68.9487609501969	1.94885578618919
69.0381312897519	1.91658291958973
69.1274419777557	1.88428733280241
69.2166931933396	1.85196949313361
69.3058851137020	1.81962986572191
69.3950179141034	1.78726891352467
69.4840917678605	1.75488709730489
69.5731068463410	1.72248487561802
69.6620633189578	1.69006270479910
69.7509613531641	1.65762103894983
69.8398011144476	1.62516032992592
69.9285827663255	1.59268102732433
70.0173064703391	1.56018357847098
70.1059723860484	1.52766842840816
70.1945806710272	1.49513601988237
70.2831314808576	1.46258679333215
70.3716249691252	1.43002118687596
70.4600612874137	1.39743963630034
70.5484405852997	1.36484257504794
70.6367630103482	1.33223043420587
70.7250287081068	1.29960364249406
70.8132378221011	1.26696262625368
70.9013904938297	1.23430780943580
70.9894868627590	1.20163961358996
71.0775270663184	1.16895845785296
71.1655112398949	1.13626475893782
71.2534395168289	1.10355893112255
71.3413120284084	1.07084138623936
71.4291289038647	1.03811253366378
71.5168902703669	1.00537278030378
71.6045962530175	0.972622530589192
71.6922469748469	0.939862186461094
71.7798425568089	0.907092147361265
71.8673831177755	0.874312810221763
71.9548687745320	0.841524569454638
72.0422996417720	0.808727816941579
72.1296758320925	0.775922942023758
72.2169974559888	0.743110331491735
72.3042646218496	0.710290369575379
72.3914774359518	0.677463437933956
72.4786360024558	0.644629915646202
72.5657404234000	0.611790179200468
72.6527907986963	0.578944602485010
72.7397872261243	0.546093556778275
72.8267298013267	0.513237410739263
72.9136186178041	0.480376530397979
73.0004537669095	0.447511279145905
73.0872353378434	0.414642017726548
73.1739634176484	0.381769104226103
73.2606380912042	0.348892894064048
73.3472594412217	0.316013739983833
73.4338275482384	0.283131992043745
73.5203424906122	0.250247997607675
73.6068043445168	0.217362101335909
73.6932131839355	0.184474645176114
73.7795690806562	0.151585968354300
73.8658721042654	0.118696407365719
73.9521223221429	0.0858062959659235
74.0383197994559	0.0529159651618455
74.1244645991536	0.0200257432029167
74.2105567819608	-0.0128640444278849
74.2965964063727	-0.0457530750228566
74.3825835286487	-0.0786410286583125
74.4685182028063	-0.111527588203479
74.5544004806153	-0.144412439329226
74.6402304115916	-0.177295270516778
74.7260080429909	-0.210175773066530
74.8117334198028	-0.243053641106663
74.8974065847440	-0.275928571601948
74.9830275782523	-0.308800264362392
75.0685964384799	-0.341668422051881
75.1541132012870	-0.374532750196903
75.2395779002349	-0.407392957195278
75.3249905665797	-0.440248754324685
75.4103512292650	-0.473099855751484
75.4956599149153	-0.505945978539329
75.5809166478291	-0.538786842657819
75.6661214499713	-0.571622170991285
75.7512743409668	-0.604451689347429
75.8363753380924	-0.637275126466071
75.9214244562700	-0.670092214027862
76.0064217080586	-0.702902686663147
76.0913671036474	-0.735706281960554
76.1762606508473	-0.768502740476055
76.2611023550836	-0.801291805741592
76.3458922193880	-0.834073224274082
76.4306302443903	-0.866846745584292
76.5153164283104	-0.899612122185736
76.5999507669502	-0.932369109603769
76.6845332536846	-0.965117466384508
76.7690638794536	-0.997856954104013
76.8535426327532	-1.03058733737733
76.9379694996268	-1.06330838386778
77.0223444636560	-1.09601986429616
77.1066675059519	-1.12872155244999
77.1909386051453	-1.16141322519294
77.2751577373779	-1.19409466247436
77.3593248762926	-1.22676564733862
77.4434399930235	-1.25942596593484
77.5275030561863	-1.29207540752647
77.6115140318686	-1.32471376450110
77.6954728836192	-1.35734083238027
77.7793795724381	-1.38995640982944
77.8632340567660	-1.42256029866793
77.9470362924735	-1.45515230387913
78.0307862328505	-1.48773223362066
78.1144838285950	-1.52029989923476
78.1981290278019	-1.55285511525870
78.2817217759518	-1.58539769943531
78.3652620158992	-1.61792747272381
78.4487496878611	-1.65044425931032
78.5321847294045	-1.68294788661913
78.6155670754349	-1.71543818532350
78.6988966581834	-1.74791498935703
78.7821734071945	-1.78037813592490
78.8653972493131	-1.81282746551543
78.9485681086716	-1.84526282191167
79.0316859066767	-1.87768405220328
79.1147505619962	-1.91009100679839
79.1977619905447	-1.94248353943584
79.2807201054703	-1.97486150719738
79.3636248171405	-2.00722477052023
79.4464760331274	-2.03957319320976
79.5292736581933	-2.07190664245222
79.6120175942759	-2.10422498882797
79.6947077404733	-2.13652810632458
79.7773439930282	-2.16881587235037
79.8599262453127	-2.20108816774808
79.9424543878121	-2.23334487680870
80.0249283081090	-2.26558588728561
80.1073478908664	-2.29781109040898
80.1897130178115	-2.33002038090031
80.2720235677181	-2.36221365698723
80.3542794163898	-2.39439082041859
80.4364804366418	-2.42655177647987
80.5186264982836	-2.45869643400865
80.6007174681001	-2.49082470541060
80.6827532098336	-2.52293650667558
80.7647335841644	-2.55503175739409
80.8466584486918	-2.58711038077396
80.9285276579147	-2.61917230365750
81.0103410632115	-2.65121745653870
81.0920985128197	-2.68324577358101
81.1737998518156	-2.71525719263523
81.2554449220930	-2.74725165525797
81.3370335623421	-2.77922910673017
81.4185656080278	-2.81118949607619
81.5000408913673	-2.84313277608326
81.5814592413077	-2.87505890332104
81.6628204835033	-2.90696783816197
81.7441244402922	-2.93885954480168
81.8253709306723	-2.97073399127986
81.9065597702775	-3.00259114950168
81.9876907713530	-3.03443099525955
82.0687637427303	-3.06625350825518
82.1497784898015	-3.09805867212224
82.2307348144938	-3.12984647444958
82.3116325152427	-3.16161690680455
82.3924713869653	-3.19336996475704
82.4732512210332	-3.22510564790407
82.5539718052442	-3.25682395989476
82.6346329237940	-3.28852490845569
82.7152343572480	-3.32020850541706
82.7957758825110	-3.35187476673915
82.8762572727977	-3.38352371253955
82.9566782976024	-3.41515536712059
83.0370387226678	-3.44676975899783
83.1173383099533	-3.47836692092860
83.1975768176030	-3.50994688994184
83.2777539999130	-3.54150970736760
83.3578696072976	-3.57305541886819
83.4379233862561	-3.60458407446926
83.5179150793375	-3.63609572859176
83.5978444251056	-3.66759044008483
83.6777111581029	-3.69906827225889
83.7575150088143	-3.73052929291992
83.8372557036296	-3.76197357440414
83.9169329648060	-3.79340119361362
83.9965465104287	-3.82481223205259
84.0760960543724	-3.85620677586453
84.1555813062604	-3.88758491587019
84.2350019714244	-3.91894674760611
84.3143577508624	-3.95029237136435
84.3936483411966	-3.98162189223294
84.4728734346300	-4.01293542013715
84.5520327189022	-4.04423306988178
84.6311258772451	-4.07551496119422
84.7101525883364	-4.10678121876873
84.7891125262536	-4.13803197231133
84.8680053604262	-4.16926735658618
84.9468307555872	-4.20048751146239
85.0255883717242	-4.23169258196239
85.1042778640283	-4.26288271831122
85.1828988828437	-4.29405807598655
85.2614510736148	-4.32521881577060
85.3399340768330	-4.35636510380250
85.4183475279826	-4.38749711163220
85.4966910574852	-4.41861501627549
85.5749642906432	-4.44971900027028
85.6531668475823	-4.48080925173425
85.7312983431924	-4.51188596442363
85.8093583870682	-4.54294933779350
85.8873465834477	-4.57399957705931
85.9652625311499	-4.60503689325999
86.0431058235114	-4.63606150332238
86.1208760483214	-4.66707363012713
86.1985727877555	-4.69807350257629
86.2761956183082	-4.72906135566224
86.3537441107241	-4.76003743053832
86.4312178299276	-4.79100197459127
86.5086163349510	-4.82195524151497
86.5859391788616	-4.85289749138649
86.6631859086867	-4.88382899074307
86.7403560653376	-4.91475001266197
86.8174491835316	-4.94566083684112
86.8944647917125	-4.97656174968275
86.9714024119700	-5.00745304437790
87.0482615599560	-5.03833502099389
87.1250417448011	-5.06920798656332
87.2017424690272	-5.10007225517543
87.2783632284604	-5.13092814806944
87.3549035121400	-5.16177599373040
87.4313628022273	-5.19261612798710
87.5077405739111	-5.22344889411260
87.5840362953121	-5.25427464292682
87.6602494273849	-5.28509373290217
87.7363794238174	-5.31590653027110
87.8124257309291	-5.34671340913685
87.8883877875657	-5.37751475158663
87.9642650249932	-5.40831094780746
88.0400568667879	-5.43910239620533
88.1157627287250	-5.46988950352670
88.1913820186644	-5.50067268498357
88.2669141364342	-5.53145236438116
88.3423584737110	-5.56222897424928
88.4177144138983	-5.59300295597658
88.4929813320014	-5.62377475994837
88.5681585944999	-5.65454484568774
88.6432455592173	-5.68531368200058
88.7182415751871	-5.71608174712395
88.7931459825165	-5.74684952887825
88.8679581122466	-5.77761752482355
88.9426772862090	-5.80838624241964
89.0173028168801	-5.83915619919022
89.0918340072303	-5.86992792289136
89.1662701505714	-5.90070195168458
89.2406105303995	-5.93147883431396
89.3148544202336	-5.96225913028819
89.3890010834518	-5.99304341006716
89.4630497731219	-6.02383225525369
89.5369997318295	-6.05462625879018
89.6108501915004	-6.08542602516032
89.6846003732197	-6.11623217059651
89.7582494870463	-6.14704532329234
89.8317967318222	-6.17786612362120
89.9052412949776	-6.20869522436040
89.9785823523312	-6.23953329092150
90.0518190678851	-6.27038100158697
90.1249505936146	-6.30123904775294
90.1979760692532	-6.33210813417897
90.2708946220711	-6.36298897924422
90.3437053666487	-6.39388231521119
90.4164074046444	-6.42478888849623
90.4889998245558	-6.45570945994772
90.5614817014751	-6.48664480513222
90.6338520968376	-6.51759571462821
90.7061100581642	-6.54856299432837
90.7782546187966	-6.57954746575031
90.8502847976254	-6.61054996635601
90.9221995988111	-6.64157134988037
90.9939980114975	-6.67261248666918
91.0656790095170	-6.70367426402673
91.1372415510885	-6.73475758657355
91.2086845785062	-6.76586337661430
91.2800070178203	-6.79699257451645
91.3512077785084	-6.82814613910010
91.4222857531382	-6.85932504803904
91.4932398170201	-6.89053029827389
91.5640688278505	-6.92176290643724
91.6347716253440	-6.95302390929149
91.7053470308565	-6.98431436417974
91.7757938469954	-7.01563534949060
91.8461108572205	-7.04698796513625
91.9162968254316	-7.07837333304588
91.9863504955447	-7.10979259767355
92.0562705910553	-7.14124692652178
92.1260558145891	-7.17273751068142
92.1957048474382	-7.20426556538804
92.2652163490847	-7.23583233059570
92.3345889567077	-7.26743907156857
92.4038212846776	-7.29908707949136
92.4729119240324	-7.33077767209869
92.5418594419395	-7.36251219432492
92.6106623811394	-7.39429201897419
92.6793192593723	-7.42611854741237
92.7478285687866	-7.45799321028128
92.8161887753281	-7.48991746823594
92.8843983181096	-7.52189281270590
92.9524556087599	-7.55392076668180
93.0203590307520	-7.58600288552752
93.0881069387079	-7.61814075781954
93.1556976576821	-7.65033600621425
93.2231294824193	-7.68259028834441
93.2904006765881	-7.71490529774562
93.3575094719885	-7.74728276481470
93.4244540677322	-7.77972445780033
93.4912326293944	-7.81223218382820
93.5578432881363	-7.84480778996112
93.6242841397969	-7.87745316429642
93.6905532439529	-7.91017023710125
93.7566486229443	-7.94296098198850
93.8225682608664	-7.97582741713369
93.8883101025240	-8.00877160653566
93.9538720523488	-8.04179566132231
94.0192519732756	-8.07490174110340
94.0844476855783	-8.10809205537256
94.1494569656616	-8.14136886496055
94.2142775448073	-8.17473448354184
94.2789071078735	-8.20819127919716
94.3433432919438	-8.24174167603387
94.4075836849239	-8.27538815586775
94.4716258240847	-8.30913325996761
94.5354671945473	-8.34297959086647
94.5991052277084	-8.37692981424231
94.6625372996034	-8.41098666087076
94.7257607292027	-8.44515292865391
94.7887727766396	-8.47943148472802
94.8515706413658	-8.51382526765454
94.9141514602297	-8.54833728969735
94.9765123054762	-8.58297063919136
95.0386501826610	-8.61772848300571
95.1005620284777	-8.65261406910684
95.1622447084908	-8.68763072922609
95.2236950147719	-8.72278188163649
95.2849096634327	-8.75807103404441
95.3458852920487	-8.79350178660158
95.4066184569701	-8.82907783504354
95.4671056305112	-8.86480297396055
95.5273431980129	-8.90068110020777
95.5873274547721	-8.93671621646177
95.6470546028289	-8.97291243493064
95.7065207476042	-9.00927398122589
95.7657218943810	-9.04580519840385
95.8246539446170	-9.08251055118627
95.8833126920827	-9.11939463036870
95.9416938188115	-9.15646215742695
95.9997928908531	-9.19371798933230
96.0576053538174	-9.23116712358619
96.1151265281968	-9.26881470348670
96.1723516044532	-9.30666602363928
96.2292756378559	-9.34472653572470
96.2858935430544	-9.38300185453952
96.3422000883710	-9.42149776432288
96.3981898897931	-9.46022022538697
96.4538574046493	-9.49917538106731
96.5091969249472	-9.53836956501185
96.5642025703505	-9.57780930882791
96.6188682807747	-9.61750135010786
96.6731878085729	-9.65745264085582
96.7271547102865	-9.69767035633834
96.7807623379320	-9.73816190438515
96.8340038297901	-9.77893493516591
96.8868721006661	-9.81999735147238
96.9393598315819	-9.86135731953612
96.9914594588625	-9.90302328041465
97.0431631625729	-9.94500396198140
97.0944628542588	-9.98730839155608
97.1453501639420	-10.0299459092165
97.1958164263151	-10.0729261818338
97.2458526660775	-10.1162592178775
97.2954495823480	-10.1599553830394
97.3445975320851	-10.2040254167283
97.3932865124396	-10.2484804494931
97.4415061419573	-10.2933320214334
97.4892456405429	-10.3385921016628
97.5364934342350	-10.3842735456440
97.5832385975672	-10.4303883909284
97.6294686852623	-10.4769504459792
97.6751710839822	-10.5239736077126
97.7203326690807	-10.5714723243279
97.7649397649326	-10.6194616161899
97.8089781129407	-10.6679571048836
97.8524328372360	-10.7169750440516
97.8952884078647	-10.7665323521156
97.9375286012456	-10.8166466470080
97.9791364576617	-10.8673362830513
98.0200942355245	-10.9186203901275
98.0603833621272	-10.9705189152906
98.0999843805716	-11.0230526669847
98.1388768925248	-11.0762433620379
98.1770394964264	-11.1301136756113
98.2144497207295	-11.1846872942917
98.2510839517178	-11.2399889725236
98.2869173553932	-11.2960445925810
98.3219237928818	-11.3528812282882
98.3560757287469	-11.4105272126950
98.3893441315407	-11.4690122099176
98.4216983658590	-11.5283672913445
98.4531060750925	-11.5886250163980
98.4835330539926	-11.6498195180224
98.5129431100846	-11.7119865930372
98.5412979128790	-11.7751637974520
98.5685568297347	-11.8393905467761
98.5946767471390	-11.9047082212718
98.6196118760718	-11.9711602759881
98.6433135400317	-12.0387923552562
98.6657299442176	-12.1076524111345
98.6868059242903	-12.1777908250267
98.7064826730928	-12.2492605313624
98.7246974437018	-12.3221171417933
98.7413832272282	-12.3964190678034
98.7564684039127	-12.4722276389129
98.7698763663009	-12.5496072127545
98.7815251136793	-12.6286252721421
98.7913268175623	-12.7093525027997
98.7991873589213	-12.7918628435890
98.8050058391433	-12.8762334987807
98.8086740685126	-12.9625448990731
98.8100760385160	-13.0508805945455
98.8090873876538	-13.1413270584462
98.8055748749798	-13.2339733755367
98.7993958815759	-13.3289107825649
98.7903979679390	-13.4262320213072
98.7784185251966	-13.5260304565822
98.7632845704962	-13.6283989030134
98.7448127520895	-13.7334280957093
98.7228096475124	-13.8412047325724
98.6970724583632	-13.9518090114811
98.6673902261609	-14.0653115869254
98.6335457130199	-14.1817698818673
98.5953181039585	-14.3012237169838
98.5524866877837	-14.4236902674720
98.5048356512806	-14.5491584338677
98.4521600654882	-14.6775828226085
98.3942730416822	-14.8088776739061
98.3310138808796	-14.9429112383629
98.2622568373104	-15.0795012641320
98.1879198845985	-15.2184123700970
98.1079726582755	-15.3593560907953
98.0224426159380	-15.5019942302636
97.9314184787536	-15.6459458264017
97.8350502433782	-15.7907975321412
97.7335454736094	-15.9361166611135
97.6271621155442	-16.0814656705510
97.5161985931646	-16.2264166069675
97.4009822941213	-16.3705640976916
97.2818576642824	-16.5135358062563
97.1591749973886	-16.6549997652649
97.0332807098399	-16.7946685077503
96.9045095368592	-16.9323003183683
96.7731787659032	-17.0676981641097
96.6395843870845	-17.2007069465080
96.5039988997673	-17.3312096851326
96.3666704550497	-17.4591231455058
96.2278230113790	-17.5843933047817
96.0876572116260	-17.7069909322766
95.9463517365757	-17.8269074628397
95.8040649401264	-17.9441512635145
95.6609366187089	-18.0587443372693
95.5170898082523	-18.1707194686771
95.3726325353635	-18.2801177915497
95.2276594754409	-18.3869867440983
95.0822534900366	-18.4913783701593
94.9364870299825	-18.5933479229810
94.7904234007030	-18.6929527291973
94.6441178927278	-18.7902512736038
94.4976187845579	-18.8853024692879
94.3509682273849	-18.9781650819495
94.2042030222767	-19.0688972814864
94.0573553007073	-19.1575562979028
93.9104531190304	-19.2441981621995
93.7635209768917	-19.3288775160792
93.6165802687858	-19.4116474770539
93.4696496770995	-19.4925595478875
93.3227455141061	-19.5716635612897
93.1758820195260	-19.6490076524380
93.0290716194806	-19.7246382532817
92.8823251519367	-19.7986001037268
92.7356520630891	-19.8709362757379
92.5890605785444	-19.9416882071626
92.4425578526599	-20.0108957427166
92.2961500989358	-20.0785971800807
92.1498427039737	-20.1448293194766
92.0036403271687	-20.2096275154305
91.8575469880085	-20.2730257297091
91.7115661425999	-20.3350565846311
91.5657007508213	-20.3957514161407
91.4199533353103	-20.4551403261726
91.2743260333327	-20.5132522339546
91.1288206424388	-20.5701149259845
90.9834386606913	-20.6257551044975
90.8381813221441	-20.6801984342935
90.6930496281637	-20.7334695878442
90.5480443751048	-20.7855922886354
90.4031661787859	-20.8365893527295
90.2584154961542	-20.8864827285532
90.1137926444776	-20.9352935349359
89.9692978183576	-20.9830420974343
89.8249311048243	-21.0297479829884
89.6806924967355	-21.0754300329640
89.5365819046796	-21.1201063946359
89.3925991675547	-21.1637945511750
89.2487440619758	-21.2065113501985
89.1050163106437	-21.2482730309488
88.9614155897929	-21.2890952501599
88.8179415358219	-21.3289931066751
88.6745937511972	-21.3679811648754
88.5313718097107	-21.4060734769757
88.3882752611628	-21.4432836042480
88.2453036355327	-21.4796246372227
88.1024564466926	-21.5151092149225
87.9597331957136	-21.5497495431776
87.8171333738093	-21.5835574120704
87.6746564649534	-21.6165442125553
87.5323019482075	-21.6487209522956
87.3900692997890	-21.6800982707601
87.2479579949062	-21.7106864536166
87.1059675093864	-21.7404954464610
86.9640973211163	-21.7695348679151
86.8223469113158	-21.7978140221275
86.6807157656625	-21.8253419107075
86.5392033752811	-21.8521272441234
86.3978092376127	-21.8781784525912
86.2565328571758	-21.9035036964805
86.1153737462306	-21.9281108762637
85.9743314253552	-21.9520076420307
85.8334054239449	-21.9752014025918
85.6925952806399	-21.9976993341892
85.5519005436912	-22.0195083888383
85.4113207712687	-22.0406353023159
85.2708555317192	-22.0610866018138
85.1305044037787	-22.0808686132745
84.9902669767433	-22.0999874684246
84.8501428506042	-22.1184491115206
84.7101316361487	-22.1362593058214
84.5702329550326	-22.1534236398009
84.4304464398261	-22.1699475331133
84.2907717340352	-22.1858362423225
84.1512084921030	-22.2010948664073
84.0117563793917	-22.2157283520533
83.8724150721476	-22.2297414987406
83.7331842574512	-22.2431389636383
83.5940636331541	-22.2559252663133
83.4550529078041	-22.2681047932627
83.3161518005589	-22.2796818022789
83.1773600410924	-22.2906604266522
83.0386773694905	-22.3010446792221
82.9001035361414	-22.3108384562803
82.7616383016191	-22.3200455413355
82.6232814365609	-22.3286696087427
82.4850327215407	-22.3367142272068
82.3468919469383	-22.3441828631619
82.2088589128042	-22.3510788840352
82.0709334287226	-22.3574055613989
81.9331153136711	-22.3631660740142
81.7954043958783	-22.3683635107739
81.6578005126799	-22.3730008735465
81.5203035103739	-22.3770810799259
81.3829132440731	-22.3806069658919
81.2456295775592	-22.3835812883836
81.1084523831339	-22.3860067277904
80.9713815414715	-22.3878858903637
80.8344169414704	-22.3892213105522
80.6975584801052	-22.3900154532640
80.5608060622783	-22.3902707160592
80.4241596006727	-22.3899894312743
80.2876190156043	-22.3891738680825
80.1511842348758	-22.3878262344913
80.0148551936306	-22.3859486792809
79.8786318342073	-22.3835432938847
79.7425141059954	-22.3806121142145
79.6065019652921	-22.3771571224330
79.4705953751592	-22.3731802486748
79.3347943052817	-22.3686833727181
79.1990987318270	-22.3636683256094
79.0635086373055	-22.3581368912417
78.9280240104319	-22.3520908078897
78.7926448459878	-22.3455317697021
78.6573711446854	-22.3384614281530
78.5222029130321	-22.3308813934537
78.3871401631964	-22.3227932359272
78.2521829128751	-22.3141984873450
78.1173311851613	-22.3050986422294
77.9825850084137	-22.2954951591211
77.8479444161270	-22.2853894618137
77.7134094468032	-22.2747829405567
77.5789801438246	-22.2636769532275
77.4446565553276	-22.2520728264731
77.3104387340770	-22.2399718568235
77.1763267373425	-22.2273753117776
77.0423206267757	-22.2142844308609
76.9084204682877	-22.2007004266579
76.7746263319291	-22.1866244858192
76.6409382917694	-22.1720577700441
76.5073564257788	-22.1570014170387
76.3738808157105	-22.1414565414520
76.2405115469836	-22.1254242357888
76.1072487085677	-22.1089055713018
75.9740923928684	-22.0919015988619
75.8410426956130	-22.0744133498086
75.7080997157384	-22.0564418367800
75.5752635552788	-22.0379880545243
75.4425343192550	-22.0190529806922
75.3099121155645	-21.9996375766110
75.1773970548727	-21.9797427880413
75.0449892505043	-21.9593695459162
74.9126888183363	-21.9385187670638
74.7804958766921	-21.9171913549141
74.6484105462354	-21.8953882001886
74.5164329498659	-21.8731101815759
74.3845632126158	-21.8503581663912
74.2528014615466	-21.8271330112216
74.1211478256472	-21.8034355625571
73.9896024357331	-21.7792666574071
73.8581654243451	-21.7546271239040
73.7268369256509	-21.7295177818927
73.5956170753457	-21.7039394435076
73.4645060105546	-21.6778929137367
73.3335038697351	-21.6513789909733
73.2026107925815	-21.6243984675550
73.0718269199289	-21.5969521302923
72.9411523936587	-21.5690407609833
72.8105873566048	-21.5406651369191
72.6801319524604	-21.5118260313770
72.5497863256857	-21.4825242141024
72.4195507897055	-21.4527598722715
72.2894251705494	-21.4225349379204
72.1594097477038	-21.3918495800049
72.0295046857817	-21.3607045630870
71.8997101318850	-21.3291006462996
71.7700262331783	-21.2970385877451
71.6404531369727	-21.2645191450806
71.5109909906368	-21.2315430759209
71.3816399415111	-21.1981111382318
71.2524001368237	-21.1642240907138
71.1232717236069	-21.1298826931764
70.9942548486141	-21.0950877069048
70.8653496582382	-21.0598398950169
70.7365562984303	-21.0241400228120
70.6078749146191	-20.9879888581116
70.4793056516319	-20.9513871715914
70.3508486536155	-20.9143357371055
70.2225040639584	-20.8768353320024
70.0942720252139	-20.8388867374332
69.9661526790238	-20.8004907386523
69.8381461660429	-20.7616481253100
69.7102526258648	-20.7223596917377
69.5824721969479	-20.6826262372257
69.4548050165429	-20.6424485662939
69.3272512206206	-20.6018274889546
69.1998109438009	-20.5607638209689
69.0724843192829	-20.5192583840956
68.9452714787748	-20.4773120063331
68.8181725524266	-20.4349255221546
68.6911876687616	-20.3920997727367
68.5643169546100	-20.3488356061809
68.4375605350437	-20.3051338777285
68.3109185333107	-20.2609954499695
68.1843910707719	-20.2164211930444
68.0579782668374	-20.1714119848399
67.9316802389053	-20.1259687111782
67.8054971022999	-20.0800922660006
67.6794289702120	-20.0337835515441
67.5534759536392	-19.9870434785124
67.4276381613283	-19.9398729662411
67.3019156997173	-19.8922729428564
67.1763086728799	-19.8442443454284
67.0508171824693	-19.7957881201185
66.9254413276643	-19.7469052223213
66.8001812051160	-19.6975966167998
66.6750369088950	-19.6478632778167
66.5500085304405	-19.5977061892590
66.4250961585096	-19.5471263447571
66.3002998791278	-19.4961247477993
66.1756197755410	-19.4447024118404
66.0510559281678	-19.3928603604051
65.9266084145532	-19.3405996271864
65.8022773093237	-19.2879212561387
65.6780626841423	-19.2348263015658
65.5539646076658	-19.1813158282044
65.4299831455022	-19.1273909113018
65.3061183601701	-19.0730526366892
65.1823703110576	-19.0183021008505
65.0587390543843	-18.9631404109860
64.9352246431623	-18.9075686850710
64.8118271271597	-18.8515880519107
64.6885465528647	-18.7951996511896
64.5653829634504	-18.7384046335174
64.4423363987411	-18.6812041604692
64.3194068951796	-18.6235994046225
64.1965944857954	-18.5655915495895
64.0738992001739	-18.5071817900445
63.9513210644270	-18.4483713317480
63.8288601011645	-18.3891613915664
63.7065163294664	-18.3295531974872
63.5842897648568	-18.2695479886308
63.4621804192784	-18.2091470152580
63.3401883010678	-18.1483515387735
63.2183134149329	-18.0871628317260
63.0965557619302	-18.0255821778041
62.9749153394439	-17.9636108718288
62.8533921411655	-17.9012502197421
62.7319861570751	-17.8385015385921
62.6106973734232	-17.7753661565149
62.4895257727135	-17.7118454127122
62.3684713336876	-17.6479406574268
62.2475340313092	-17.5836532519132
62.1267138367511	-17.5189845684062
62.0060107173819	-17.4539359900858
61.8854246367540	-17.3885089110387
61.7649555545933	-17.3227047362171
61.6446034267892	-17.2565248813941
61.5243682053855	-17.1899707731166
61.4042498385729	-17.1230438486548
61.2842482706825	-17.0557455559490
61.1643634421793	-16.9880773535538
61.0445952896580	-16.9200407105791
60.9249437458387	-16.8516371066292
60.8054087395644	-16.7828680317383
60.6859901957989	-16.7137349863039
60.5666880356257	-16.6442394810185
60.4475021762484	-16.5743830367969
60.3284325309910	-16.5041671847034
60.2094790093006	-16.4335934658747
60.0906415167491	-16.3626634314422
59.9719199550381	-16.2913786424503
59.8533142220023	-16.2197406697747
59.7348242116158	-16.1477510940365
59.6164498139984	-16.0754115055155
59.4981909154223	-16.0027235040614
59.3800473983207	-15.9296886990026
59.2620191412968	-15.8563087090538
59.1441060191333	-15.7825851622210
59.0263079028031	-15.7085196957053
58.9086246594810	-15.6341139558048
58.7910561525560	-15.5593695978153
58.6736022416439	-15.4842882859282
58.5562627826017	-15.4088716931284
58.4390376275422	-15.3331215010895
58.3219266248492	-15.2570394000685
58.2049296191937	-15.1806270887979
58.0880464515512	-15.1038862743781
57.9712769592189	-15.0268186721670
57.8546209758344	-14.9494260056693
57.7380783313948	-14.8717100064240
57.6216488522763	-14.7936724138917
57.5053323612550	-14.7153149753396
57.3891286775276	-14.6366394457265
57.2730376167340	-14.5576475875861
57.1570589909788	-14.4783411709101
57.0411926088553	-14.3987219730292
56.9254382754687	-14.3187917784951
56.8097957924608	-14.2385523789597
56.6942649580345	-14.1580055730550
56.5788455669801	-14.0771531662716
56.4635374107005	-13.9959969708369
56.3483402772388	-13.9145388055923
56.2332539513047	-13.8327804958700
56.1182782143030	-13.7507238733697
56.0034128443613	-13.6683707760338
55.8886576163592	-13.5857230479233
55.7740123019576	-13.5027825390924
55.6594766696282	-13.4195511054632
55.5450504846839	-13.3360306086998
55.4307335093097	-13.2522229160825
55.3165255025938	-13.1681299003813
55.2024262205589	-13.0837534397295
55.0884354161948	-12.9990954174968
54.9745528394903	-12.9141577221625
54.8607782374663	-12.8289422471886
54.7471113542091	-12.7434508908928
54.6335519309037	-12.6576855563212
54.5200997058682	-12.5716481511212
54.4067544145877	-12.4853405874148
54.2935157897490	-12.3987647816710
54.1803835612759	-12.3119226545791
54.0673574563640	-12.2248161309220
53.9544371995166	-12.1374471394493
53.8416225125804	-12.0498176127508
53.7289131147819	-11.9619294871301
53.6163087227635	-11.8737847024787
53.5038090506200	-11.7853852021500
53.3914138099362	-11.6967329328337
53.2791227098231	-11.6078298444305
53.1669354569561	-11.5186778899273
53.0548517556120	-11.4292790252725
52.9428713077068	-11.3396352092519
52.8309938128339	-11.2497484033645
52.7192189683019	-11.1596205716998
52.6075464691729	-11.0692536808142
52.4959760083014	-10.9786496996086
52.3845072763719	-10.8878105992069
52.2731399619385	-10.7967383528339
52.1618737514632	-10.7054349356946
52.0507083293552	-10.6139023248537
51.9396433780093	-10.5221424991158
51.8286785778458	-10.4301574389059
51.7178136073489	-10.3379491261508
51.6070481431067	-10.2455195441610
51.4963818598500	-10.1528706775133
51.3858144304920	-10.0600045119338
51.2753455261674	-9.96692303418148
51.1649748162723	-9.87362823193325
51.0547019685031	-9.78012209366859
50.9445266488968	-9.68640660855556
50.8344485218696	-9.59248376633730
50.7244672502572	-9.49835555721932
50.6145824953539	-9.40402397175740
50.5047939169521	-9.30949100074632
50.3951011733819	-9.21475863510935
50.2855039215507	-9.11982886578835
50.1760018169819	-9.02470368363482
50.0665945138553	-8.92938507930159
49.9572816650455	-8.83387504313530
49.8480629221616	-8.73817556506979
49.7389379355862	-8.64228863452004
49.6299063545146	-8.54621624027718
49.5209678269940	-8.44996037040410
49.4121219999620	-8.35352301213198
49.3033685192855	-8.25690615175759
49.1947070298000	-8.16011177454142
49.0861371753476	-8.06314186460664
48.9776585988158	-7.96599840483886
48.8692709421759	-7.86868337678677
48.7609738465211	-7.77119876056355
48.6527669521050	-7.67354653474918
48.5446498983794	-7.57572867629356
48.4366223240319	-7.47774716042043
48.3286838670243	-7.37960396053223
48.2208341646297	-7.28130104811567
48.1130728534700	-7.18284039264832
48.0053995695533	-7.08422396150582
47.8978139483108	-6.98545371987017
47.7903156246341	-6.88653163063868
47.6829042329116	-6.78745965433387
47.5755794070653	-6.68823974901416
47.4683407805873	-6.58887387018543
47.3611879865756	-6.48936397071342
47.2541206577709	-6.38971200073696
47.1471384265917	-6.28991990758198
47.0402409251703	-6.18998963567657
46.9334277853885	-6.08992312646654
46.8266986389125	-5.98972231833211
46.7200531172279	-5.88938914650524
46.6134908516751	-5.78892554298788
46.5070114734834	-5.68833343647104
46.4006146138057	-5.58761475225459
46.2942999037528	-5.48677141216798
46.1880669744270	-5.38580533449173
46.0819154569565	-5.28471843387970
45.9758449825284	-5.18351262128221
45.8698551824226	-5.08218980386988
45.7639456880444	-4.98075188495842
45.6581161309576	-4.87920076393399
45.5523661429175	-4.77753833617951
45.4466953559027	-4.67576649300173
45.3411034021479	-4.57388712155901
45.2355899141756	-4.47190210478986
45.1301545248277	-4.36981332134237
45.0247968672975	-4.26762264550419
44.9195165751602	-4.16533194713351
44.8143132824050	-4.06294309159056
44.7091866234648	-3.96045793966998
44.6041362332475	-3.85787834753389
44.4991617471658	-3.75520616664571
44.3942628011680	-3.65244324370457
44.2894390317669	-3.54959142058070
44.1846900760702	-3.44665253425122
44.0800155718094	-3.34362841673689
43.9754151573690	-3.24052089503938
43.8708884718155	-3.13733179107934
43.7664351549259	-3.03406292163509
43.6620548472159	-2.93071609828195
43.5577471899686	-2.82729312733242
43.4535118252619	-2.72379580977676
43.3493483959961	-2.62022594122443
43.2452565459218	-2.51658531184608
43.1412359196665	-2.41287570631624
43.0372861627620	-2.30909890375656
42.9334069216708	-2.20525667767979
42.8295978438127	-2.10135079593425
42.7258585775907	-1.99738302064903
42.6221887724173	-1.89335510817975
42.5185880787403	-1.78926880905489
42.4150561480678	-1.68512586792272
42.3115926329938	-1.58092802349890
42.2081971872233	-1.47667700851453
42.1048694655967	-1.37237454966484
42.0016091241147	-1.26802236755848
41.8984158199623	-1.16362217666724
41.7952892115332	-1.05917568527647
41.6922289584533	-0.954684595435962
41.5892347216046	-0.850150602911318
41.4863061631482	-0.745575397135926
41.3834429465478	-0.640960661163520
41.2806447365927	-0.536308071621074
41.1779111994198	-0.431619298662306
41.0752420025371	-0.326896005921640
40.9726368148450	-0.222139850468883
40.8700953066588	-0.117352482763899
40.7676171497304	-0.0125355466123640
40.6652020172700	0.0923093208785701
40.5628495839673	0.197180489343697
40.4605595260126	0.302076335203013
40.3583315211180	0.406995241704345
40.2561652485377	0.511935598965705
40.1540603890890	0.616895804017026
40.0520166251723	0.721874260841547
39.9500336407910	0.826869380416786
39.8481111215720	0.931879580755167
39.7462487547848	1.03690328694401
39.6444462293611	1.14193893118538
39.5427032359144	1.24698495283534
39.4410194667586	1.35203979844286
39.3393946159272	1.45710192178850
39.2378283791920	1.56216978392248
39.1363204540814	1.66724185320248
39.0348705398987	1.77231660533105
38.9334783377407	1.87739252339283
38.8321435505147	1.98246809789101
38.7308658829573	2.08754182678398
38.6296450416510	2.19261221552111
38.5284807350424	2.29767777707862
38.4273726734589	2.40273703199489
38.3263205691256	2.50778850840540
38.2253241361829	2.61283074207756
38.1243830907022	2.71786227644510
38.0234971507032	2.82288166264211
37.9226660361699	2.92788745953694
37.8218894690667	3.03287823376558
37.7211671733546	3.13785255976501
37.6204988750070	3.24280901980602
37.5198843020254	3.34774620402586
37.4193231844549	3.45266271046074
37.3188152543996	3.55755714507786
37.2183602460378	3.66242812180726
37.1179578956373	3.76727426257348
37.0176079415701	3.87209419732675
36.9173101243272	3.97688656407431
36.8170641865335	4.08165000891119
36.7168698729620	4.18638318605077
36.6167269305484	4.29108475785516
36.5166351084055	4.39575339486562
36.4165941578367	4.50038777583227
36.3166038323507	4.60498658774386
36.2166638876750	4.70954852585746
36.1167740817696	4.81407229372764
36.0169341748410	4.91855660323572
35.9171439293550	5.02300017461866
35.8174031100510	5.12740173649776
35.7177114839543	5.23176002590743
35.6180688203900	5.33607378832336
35.5184748909959	5.44034177769083
35.4189294697352	5.54456275645294
35.3194323329095	5.64873549557824
35.2199832591715	5.75285877458860
35.1205820295379	5.85693138158683
35.0212284274015	5.96095211328407
34.9219222385443	6.06491977502707
34.8226632511490	6.16883318082538
34.7234512558123	6.27269115337850
34.6242860455563	6.37649252410247
34.5251674158412	6.48023613315704
34.4260951645768	6.58392082947199
34.3270690921351	6.68754547077392
34.2280890013616	6.79110892361256
34.1291546975879	6.89461006338714
34.0302659886426	6.99804777437266
33.9314226848637	7.10142094974610
33.8326245991100	7.20472849161218
33.7338715467726	7.30796931102981
33.6351633457867	7.41114232803766
33.5364998166429	7.51424647168001
33.4378807823990	7.61728068003262
33.3393060686908	7.72024390022847
33.2407755037442	7.82313508848321
33.1422889183860	7.92595321012092
33.0438461460553	8.02869723959952
32.9454470228152	8.13136616053644
32.8470913873635	8.23395896573403
32.7487790810441	8.33647465720486
32.6505099478587	8.43891224619722
32.5522838344770	8.54127075322072
32.4541005902491	8.64354920807125
32.3559600672155	8.74574664985672
32.2578621201191	8.84786212702222
32.1598066064160	8.94989469737546
32.0617933862869	9.05184342811212
31.9638223226481	9.15370739584129
31.8658932811624	9.25548568661084
31.7680061302512	9.35717739593286
31.6701607411046	9.45878162880908
31.5723569876937	9.56029749975650
31.4745947467808	9.66172413283281
31.3768738979318	9.76306066166215
31.2791943235265	9.86430622946057
31.1815559087708	9.96545998906181
31.0839585417076	10.0665211029433
30.9864021132282	10.1674887432517
30.8888865170843	10.2683620918290
30.7914116498990	10.3691403402388
30.6939774111788	10.4698226897921
30.5965837033250	10.5704083515735
30.4992304316457	10.6708965464678
30.4019175043672	10.7712865051868
30.3046448326465	10.8715774682949
30.2074123305827	10.9717686862368
30.1102199152292	11.0718594193639
30.0130675066061	11.1718489379616
29.9159550277120	11.2717365222761
29.8188824045367	11.3715214625421
29.7218495660736	11.4712030590102
29.6248564443319	11.5707806219747
29.5279029743497	11.6702534718014
29.4309890942064	11.7696209389556
29.3341147450361	11.8688823640308
29.2372798710400	11.9680370977767
29.1404844194999	12.0670845011284
29.0437283407917	12.1660239452353
28.9470115883985	12.2648548114900
28.8503341189243	12.3635764915586
28.7536958921080	12.4621883874094
28.6570968708370	12.5606899113440
28.5605370211615	12.6590804860269
28.4640163123086	12.7573595445165
28.3675347166970	12.8555265302961
28.2710922099513	12.9535808973048
28.1746887709173	13.0515221099696
28.0783243816767	13.1493496432370
27.9819990275621	13.2470629826055
27.8857126971733	13.3446616241583
27.7894653823919	13.4421450745962
27.6932570783982	13.5395128512713
27.5970877836866	13.6367644822209
27.5009575000824	13.7338995062014
27.4048662327582	13.8309174727236
27.3088139902508	13.9278179420876
27.2128007844787	14.0246004854184
27.1168266307590	14.1212646847022
27.0208915478255	14.2178101328232
26.9249955578463	14.3142364336004
26.8291386864425	14.4105432018254
26.7333209627066	14.5067300633008
26.6375424192213	14.6027966548789
26.5418030920789	14.6987426245011
26.4461030209008	14.7945676312376
26.3504422488571	14.8902713453288
26.2548208226874	14.9858534482251
26.1592387927210	15.0813136326305
26.0636962128978	15.1766516025436
25.9681931407901	15.2718670733019
25.8727296376236	15.3669597716251
25.7773057683002	15.4619294356602
25.6819216014204	15.5567758150266
25.5865772093057	15.6514986708626
25.4912726680229	15.7460977758722
25.3960080574069	15.8405729143729
25.3007834610859	15.9349238823446
25.2055989665055	16.0291504874789
25.1104546649542	16.1232525492296
25.0153506515890	16.2172298988641
24.9202870254615	16.3110823795154
24.8252638895449	16.4048098462358
24.7302813507610	16.4984121660511
24.6353395200079	16.5918892180151
24.5404385121886	16.6852408932671
24.4455784462396	16.7784670950884
24.3507594451605	16.8715677389612
24.2559816360441	16.9645427526281
24.1612451501070	17.0573920761532
24.0665501227210	17.1501156619837
23.9718966934447	17.2427134750136
23.8772850060567	17.3351854926478
23.7827152085881	17.4275317048684
23.6881874533572	17.5197521143015
23.5937018970035	17.6118467362862
23.4992587005236	17.7038155989438
23.4048580293072	17.7956587432503
23.3105000531735	17.8873762231082
23.2161849464097	17.9789681054220
23.1219128878087	18.0704344701736
23.0276840607088	18.1617754104998
22.9334986530338	18.2529910327723
22.8393568573337	18.3440814566780
22.7452588708268	18.4350468153023
22.6512048954425	18.5258872552132
22.5571951378648	18.6166029365481
22.4632298095771	18.7071940331019
22.3693091269076	18.7976607324173
22.2754333110761	18.8880032358771
22.1816025882415	18.9782217587980
22.0878171895508	19.0683165305283
21.9940773511881	19.1582877945448
21.9003833144263	19.2481358085548
21.8067353256787	19.3378608445989
21.7131336365519	19.4274631891561
21.6195785039006	19.5169431432519
21.5260701898827	19.6063010225688
21.4326089620166	19.6955371575587
21.3391950932386	19.7846518935586
21.2458288619629	19.8736455909087
21.1525105521421	19.9625186250734
21.0592404533291	20.0512713867648
20.9660188607411	20.1399042820695
20.8728460753241	20.2284177325779
20.7797224038197	20.3168121755174
20.6866481588330	20.4050880638875
20.5936236589021	20.4932458665994
20.5006492285698	20.5812860686181
20.4077251984554	20.6692091711082
20.3148519053306	20.7570156915831
20.2220296921945	20.8447061640580
20.1292589083528	20.9322811392063
20.0365399094969	21.0197411845201
19.9438730577863	21.1070868844743
19.8512587219318	21.1943188406953
19.7586972772819	21.2814376721328
19.6661891059102	21.3684440152369
19.5737345967051	21.4553385241388
19.4813341454625	21.5421218708366
19.3889881549795	21.6287947453852
19.2966970351512	21.7153578560911
19.2044612030698	21.8018119297120
19.1122810831253	21.8881577116618
19.0201571071101	21.9743959662202
18.9280897143248	22.0605274767478
18.8360793516871	22.1465530459069
18.7441264738440	22.2324734958873
18.6522315432856	22.3182896686386
18.5603950304627	22.4040024261077
18.4686174139070	22.4896126504831
18.3768991803541	22.5751212444449
18.2852408248702	22.6605291314211
18.1936428509811	22.7458372558517
18.1021057708054	22.8310465834582
18.0106301051904	22.9161581015207
17.9192163838521	23.0011728191628
17.8278651455180	23.0860917676427
17.7365769380743	23.1709160006536
17.6453523187166	23.2556465946301
17.5541918541046	23.3402846490645
17.4630961205206	23.4248312868304
17.3720657040327	23.5092876545150
17.2811012006614	23.5936549227609
17.1902032165517	23.6779342866165
17.0993723681490	23.7621269658957
17.0086092823796	23.8462342055480
16.9179145968370	23.9302572760379
16.8272889599720	24.0141974737352
16.7367330312885	24.0980561213155
16.6462474815451	24.1818345681715
16.5558329929613	24.2655341908367
16.4654902594298	24.3491563934193
16.3752199867347	24.4327026080490
16.2850228927756	24.5161742953361
16.1948997077981	24.5995729448435
16.1048511746306	24.6829000755712
16.0148780489275	24.7661572364552
15.9249810994200	24.8493460068803
15.8351611081730	24.9324679972070
15.7454188708506	25.0155248493142
15.6557551969878	25.0985182371562
15.5661709102710	25.1814498673366
15.4766668488265	25.2643214796984
15.3872438655170	25.3471348479312
15.2979028282472	25.4298917801957
15.2086446202779	25.5125941197669
15.1194701405503	25.5952437456956
15.0303803040187	25.6778425734896
14.9413760419941	25.7603925558151
14.8524583024982	25.8428956832182
14.7636280506271	25.9253539848689
14.6748862689272	26.0077695293265
14.5862339577821	26.0901444253284
14.4976721358112	26.1724808226022
14.4092018402813	26.2547809127025
14.3208241275302	26.3370469298746
14.2325400734044	26.4192811519416
14.1443507737098	26.5014859012221
14.0562573446775	26.5836635454733
13.9682609234438	26.6658164988654
13.8803626685461	26.7479472229854
13.7925637604342	26.8300582278725
13.7048654019994	26.9121520730860
13.6172688191193	26.9942313688072
13.5297752612222	27.0762987769759
13.4423860018690	27.1583570124640
13.3551023393548	27.2404088442855
13.2679255973315	27.3224570968467
13.1808571254503	27.4045046512368
13.0938983000268	27.4865544465602
13.0070505247286	27.5686094813120
12.9203152312870	27.6506728148003
12.8336938802329	27.7327475686149
12.7471879616590	27.8148369281442
12.6607989960085	27.8969441441441
12.5745285348918	27.9790725343596
12.4883781619327	28.0612254852008
12.4023494936445	28.1434064534765
12.3164441803389	28.2256189681874
12.2306639070668	28.3078666323802
12.1450103945948	28.3901531250685
12.0594854004170	28.4724822032171
11.9740907198059	28.5548577037995
11.8888281869011	28.6372835459260
11.8036996758408	28.7197637330483
11.7187071019360	28.8023023552429
11.6338524228896	28.8849035915770
11.5491376400632	28.9675717125591
11.4645647997937	29.0503110826809
11.3801359947612	29.1331261630503
11.2958533654114	29.2160215141236
11.2117191014359	29.2990017985386
11.1277354433109	29.3820717840531
11.0439046838996	29.4652363465958
10.9602291701202	29.5485004734316
10.8767113046825	29.6318692664485
10.7933535478977	29.7153479455714
10.7101584195643	29.7989418523074
10.6271285009334	29.8826564534297
10.5442664367594	29.9664973448071
10.4615749374382	30.0504702553846
10.3790567812394	30.1345810513220
10.2967148166367	30.2188357403001
10.2145519647407	30.3032404760012
10.1325712218421	30.3878015627707
10.0507756620689	30.4725254604724
9.96916844016507	30.5574187895425
9.88775279439702	30.6424883362573
9.80653204959515	30.7277410582195
9.72550962033803	30.8131840900791
9.64468901428730	30.8988247494971
9.56407383568194	30.9846705433669
9.48366778900114	31.0707291743059
9.40347468280562	31.1570085474295
9.32349843376799	31.2435167774255
9.24374307090327	31.3302621959424
9.16421274001179	31.4172533593088
9.08491170834723	31.5044990566016
9.00584436952371	31.5920083180831
8.92701524867669	31.6797904240242
8.84842900789359	31.7678549139384
8.77009045193118	31.8562115962467
8.69200453423807	31.9448705583992
8.61417636330195	32.0338421774770
8.53661120934287	32.1231371313046
8.45931451137515	32.2127664101000
8.38229188466277	32.3027413286936
8.30554912859444	32.3930735393506
8.22909223500701	32.4837750452299
8.15292739698815	32.5748582145205
8.07706101819144	32.6663357952929
8.00149972269998	32.7582209311105
7.92625036547755	32.8505271774461
7.85132004344932	32.9432685189547
7.77671610725822	33.0364593876528
7.70244617374618	33.1301146820641
7.62851813921456	33.2242497873890
7.55494019352202	33.3188805967669
7.48172083508367	33.4140235336968
7.40886888684090	33.5096955756947
7.33639351327735	33.6059142792664
7.26430422616574	33.7026974556735
7.19261096472460	33.8000646214633
7.12132400593328	33.8980348658771
7.05045407766700	33.9966283401320
6.98001235029827	34.0958659227606
6.91001046496545	34.1957692541824
6.84046056074743	34.2963607735838
6.77137530376113	34.3976637581307
6.70276791840066	34.4997023645449
6.63465222090389	34.6025016732158
6.56704265545348	34.7060877350213
6.49995433304080	34.8104876210484
6.43340307334488	34.9157294754190
6.36740544990513	35.0218425714376
6.30197883889585	35.1288573712962
6.23714147184403	35.2368055895855
6.17291249266869	35.3457202608821
6.10931201946150	35.4556358116927
6.04636121147508	35.5665881370619
5.98408234183741	35.6786146821612
5.92249887656923	35.7917545291978
5.86163556054721	35.9060484899979
5.80151851112937	36.0215392046334
5.74217532024225	36.1382712464745
5.68363516582224	36.2562912340558
5.62592893360863	36.3756479501509
5.56908935040270	36.4963924684403
5.51315113003948	36.6185782881441
5.45815113346574	36.7422614769583
5.40412854448302	36.8675008225825
5.35112506289743	36.9943579930479
5.29918511702253	37.1228977059439
5.24835609770597	37.2531879064776
5.19868861629786	37.3852999540850
5.15023678924737	37.5193088170056
5.10305855230198	37.6552932738357
5.05721600758843	37.7933361205232
5.01277580716757	37.9335243805608
4.96980957696592	38.0759495151746
4.92839438527673	38.2207076290633
4.88861326026433	38.3678996656035
4.85055576105586	38.5176315833002
4.81431860700381	38.6700145024726
4.78000636946127	38.8251648075487
4.74773222980560	38.9832041856543
4.71761880629350	39.1442595761382
4.68979905038508	39.3084629979220
4.66441721008638	39.4759512116720
4.64162985315779	39.6468651612797
4.62160693608128	39.8213491235002
4.60453289463083	39.9995494753281
4.59060771766883	40.1816129654870
4.58004794606728	40.3676843493136
4.57308751189024	40.5579032162172
4.56997829759087	40.7523998080801
4.57099024971325	40.9512896002005
4.57641082624871	41.1546664022331
4.58654349353293	41.3625937492384
4.60170492393207	41.5750944138734
4.62222049333581	41.7921380095137
4.64841766184457	42.0136269059396
4.68061687865057	42.2393810763797
4.71911982972809	42.4691230469205
4.76419518968691	42.7024647816156
4.81606256437560	42.9388989707708
4.87487596877392	43.1777975424719
4.94070882221799	43.4184199581147
5.01354280693140	43.6599327126040
5.09326275622516	43.9014394530574
5.17965888854765	44.1420187276585
5.27243634572791	44.3807644337714
5.37123057496305	44.6168233851066
5.47562612937101	44.8494253579666
5.58517624298938	45.0779030538436
5.69942099182965	45.3017017251130
5.81790265724518	45.5203799501060
5.94017771283629	45.7336038822561
6.06582545432177	45.9411373590773
6.19445363908164	46.1428298704605
6.32570165000667	46.3386038563297
6.45924172171677	46.5284423117437
6.59477872588545	46.7123772910190
6.73204894326253	46.8904796249099
6.87081817290169	47.0628499760356
7.01087945419716	47.2296112345038
7.15205060972599	47.3909021793616
7.29417175900954	47.5468722883069
7.43710290592670	47.6976775579788
7.58072166530545	47.8434771926368
7.72492116616034	47.9844310245564
7.86960814873531	48.1206975408664
8.01470125845878	48.2524324058504
8.16012953070324	48.3797873829273
8.30583105462569	48.5029095752870
8.45175180133117	48.6219409177688
8.59784460034792	48.7370178646292
8.74406824832623	48.8482712282680
8.89038673453216	48.9558261327843
9.03676856878965	49.0598020535644
9.18318619881657	49.1603129201218
9.32961550526048	49.2574672643057
9.47603536407828	49.3513683999394
9.62242726716864	49.4421146231090
9.76877499332695	49.5297994248391
9.91506432263946	49.6145117098761
10.0612827883623	49.6963360168694
10.2074194611488	49.7753527364648
10.3534647612013	49.8516383247828
10.4994102945423	49.9252655104952
10.6452487101341	49.9963034942841
10.7909735750349	50.0648181399108
10.9365792651769	50.1308721564465
11.0820608696873	50.1945252714773
11.2274141069672	50.2558343952765
11.3726352509873	50.3148537760742
11.5177210664777	50.3716351466566
11.6626687518663	50.4262278625883
11.8074758889791	50.4786790324047
11.9521403986490	50.5290336401398
12.0966605014944	50.5773346605783
12.2410346832262	50.6236231676188
12.3852616639293	50.6679384361349
12.5293403708341	50.7103180377133
12.6732699141586	50.7507979306359
12.8170495656554	50.7894125444566
12.9606787395428	50.8261948595141
13.1041569755426	50.8611764816926
13.2474839237794	50.8943877127429
13.3906593313278	50.9258576164409
13.5336830302197	50.9556140808556
13.6765549267480	50.9836838769799
13.8192749919197	51.0100927139561
13.9618432529335	51.0348652911201
14.1042597855665	51.0580253470688
14.2465247073736	51.0795957059435
14.3886381716090	51.0995983211091
14.5306003617951	51.1180543163951
14.6724114868671	51.1349840250581
14.8140717768347	51.1504070266043
14.9555814789048	51.1643421816142
15.0969408540190	51.1768076646921
15.2381501737613	51.1878209956578
15.3792097175989	51.1973990690906
15.5201197704221	51.2055581823269
15.6608806203520	51.2123140620076
15.8014925567903	51.2176818892611
15.9419558686857	51.2216763236086
16.0822708429967	51.2243115256626
16.2224377633288	51.2256011786967
16.3624569062249	51.2255585029663
16.5023285526423	51.2241963061772
16.6420529619578	51.2215269399499
16.7816303961806	51.2175623798494
16.9210611067786	51.2123142107608
17.0603453365219	51.2057936493871
17.1994833189659	51.1980115594825
17.3384752780004	51.1889784664402
17.4773214274677	51.1787045712143
17.6160219708448	51.1671997636124
17.7545771009825	51.1544736349919
17.8929869998960	51.1405354903948
18.0312518386026	51.1253943601489
18.1693717770015	51.1090590109638
18.3073469637919	51.0915379565501
18.4451775364253	51.0728394677836
18.5828636210901	51.0529715824406
18.7204053327225	51.0319421145251
18.8578027750452	51.0097586632077
18.9950560406270	50.9864286213986
19.1321652109643	50.9619591839675
19.2691303565812	50.9363573556353
19.4059515371461	50.9096299585453
19.5426288016037	50.8817836395369
19.6791621883204	50.8528248771301
19.8155517252423	50.8227599882387
19.9517974300638	50.7915951346219
20.0878993104062	50.7593363290893
20.2238573640052	50.7259894414674
20.3596715789056	50.6915602043414
20.4953419336640	50.6560542185809
20.6308683975564	50.6194769586591
20.7662509307923	50.5818337777755
20.9014894847330	50.5431299127898
21.0365840021138	50.5033704889756
21.1715344172708	50.4625605246015
21.3063406563698	50.4207049353472
21.4410026376383	50.3778085385610
21.5755202715997	50.3338760573656
21.7098934613095	50.2889121246186
21.8441221025926	50.2429212867332
21.9782060842821	50.1959080073644
22.1121452884591	50.1478766709680
22.2459395906926	50.0988315862340
22.3795888602803	50.0487769894029
22.5130929604895	49.9977170474662
22.6464517487973	49.9456558612588
22.7796650771318	49.8925974684433
22.9127327921112	49.8385458463946
23.0456547352839	49.7835049149852
23.1784307433671	49.7274785392757
23.3110606484841	49.6704705321152
23.4435442784016	49.6124846566524
23.5758814567653	49.5535246287630
23.7080720033339	49.4935941193944
23.8401157342126	49.4326967568314
23.9720124620848	49.3708361288860
24.1037619964416	49.3080157850123
24.2353641438112	49.2442392383506
24.3668187079849	49.1795099677023
24.4981254902426	49.1138314194380
24.6292842895762	49.0472070093399
24.7602949029104	48.9796401243831
24.8911567370552	48.9111328249361
25.0218702505935	48.8416911216858
25.1524350758971	48.7713168858808
25.2828508864596	48.7000134669873
25.4131174721202	48.6277841339698
25.5432346219760	48.5546321350744
25.6732021245151	48.4805607006026
25.8030197678530	48.4055730442510
25.9326873399365	48.3296723644072
26.0622046287429	48.2528618453980
26.1915714224774	48.1751446586929
26.3207875097681	48.0965239640636
26.4498526798579	48.0170029107010
26.5787667227941	47.9365846382908
26.7075294296161	47.8552722780487
26.8361405925396	47.7730689537161
26.9646000051390	47.6899777825180
27.0929074625262	47.6060018760840
27.2210627615279	47.5211443413320
27.3490657008591	47.4354082813175
27.4769160812951	47.3487967960489
27.6046137058393	47.2613129832684
27.7321583798896	47.1729599392011
27.8595499114011	47.0837407592716
27.9867881110467	46.9936585387909
28.1138727923741	46.9027163736119
28.2408037719606	46.8109173607561
28.3675808695649	46.7182645990121
28.4942039082757	46.6247611895051
28.6206727146579	46.5304102362403
28.7469871188954	46.4352148466196
28.8731469549315	46.3391781319316
28.9991520606057	46.2423032078178
29.1250022777884	46.1445931947132
29.2506974525117	46.0460512182637
29.3762374350981	45.9466804097192
29.5016220802856	45.8464839063057
29.6268512473499	45.7454648515735
29.7519248002243	45.6436263957247
29.8768426076154	45.5409716959202
30.0016045431169	45.4375039165652
30.1262104853195	45.3332262295756
30.2506603179187	45.2281418146241
30.3749539298187	45.1222538593693
30.4990912152339	45.0155655596637
30.6230720737872	44.9080801197467
30.7468964106051	44.7998007524177
30.8705641364099	44.6907306791945
30.9940751676093	44.5808731304530
31.1174294263821	44.4702313455535
31.2406268407622	44.3588085729486
31.3636673447179	44.2466080702792
31.4865508782301	44.1336331044526
31.6092773873658	44.0198869517085
31.7318468243502	43.9053728976715
31.8542591476343	43.7900942373877
31.9765143219613	43.6740542753516
32.0986123184281	43.5572563255176
32.2205531145457	43.4397037113013
32.3423366942957	43.3213997655679
32.4639630481839	43.2023478306093
32.5854321732918	43.0825512581110
32.7067440733243	42.9620134091072
32.8278987586553	42.8407376539261
32.9488962463702	42.7187273721256
33.0697365603056	42.5959859524187
33.1904197310863	42.4725167925901
33.3109457961598	42.3483232994040
33.4313147998277	42.2234088885027
33.5515267932745	42.0977769842977
33.6715818345943	41.9714310198525
33.7914799888138	41.8443744367573
33.9112213279139	41.7166106849979
34.0308059308478	41.5881432228155
34.1502338835570	41.4589755165618
34.2695052789851	41.3291110405463
34.3886202170880	41.1985532768781
34.5075788048431	41.0673057153024
34.6263811562552	40.9353718530297
34.7450273923598	40.8027551945621
34.8635176412253	40.6694592515126
34.9818520379512	40.5354875424207
35.1000307246656	40.4008435925636
35.2180538505191	40.2655309337621
35.3359215716777	40.1295531041842
35.4536340513129	39.9929136481435
35.5711914595896	39.8556161158948
35.6885939736519	39.7176640634264
35.8058417776077	39.5790610522493
35.9229350625098	39.4398106491835
36.0398740263365	39.2999164261421
36.1566588739691	39.1593819599122
36.2732898171685	39.0182108319349
36.3897670745491	38.8764066280821
36.5060908715512	38.7339729384322
36.6222614404121	38.5909133570442
36.7382790201345	38.4472314817304
36.8541438564542	38.3029309138277
36.9698562018053	38.1580152579681
37.0854163152844	38.0124881218482
37.2008244626130	37.8663531159984
37.3160809160982	37.7196138535512
37.4311859545922	37.5722739500094
37.5461398634503	37.4243370230137
37.6609429344872	37.2758066921110
37.7755954659323	37.1266865785225
37.8900977623834	36.9769803049117
38.0044501347594	36.8266914951530
38.1186529002515	36.6758237741014
38.2327063822731	36.5243807673621
38.3466109104088	36.3723661010614
38.4603668203626	36.2197834016178
38.5739744539036	36.0666362955154
38.6874341588128	35.9129284090772
38.8007462888266	35.7586633682405
38.9139112035814	35.6038447983327
39.0269292685558	35.4484763238501
39.1398008550123	35.2925615682364
39.2525263399386	35.1361041536647
39.3651061059877	34.9791077008195
39.4775405414171	34.8215758286821
39.5898300400271	34.6635121543166
39.7019750010995	34.5049202926589
39.8139758293341	34.3458038563072
39.9258329347855	34.1861664553147
40.0375467327989	34.0260116969847
40.1491176439460	33.8653431856678
40.2605460939592	33.7041645225616
40.3718325136663	33.5424793055125
40.4829773389244	33.3802911288204
40.5939810105529	33.2176035830454
40.7048439742672	33.0544202548173
40.8155666806109	32.8907447266478
40.9261495848879	32.7265805767453
41.0365931470951	32.5619313788317
41.1468978318532	32.3968007019635
41.2570641083389	32.2311921103534
41.3670924502157	32.0651091631972
41.4769833355648	31.8985554145012
41.5867372468163	31.7315344129140
41.6963546706798	31.5640497015607
41.8058360980746	31.3961048178794
41.9151820240606	31.2277032934615
42.0243929477686	31.0588486538945
42.1334693723304	30.8895444186076
42.2424118048095	30.7197941007204
42.3512207561312	30.5496012068946
42.4598967410132	30.3789692371889
42.5684402778955	30.2079016849157
42.6768518888716	30.0364020365027
42.7851320996186	29.8644737713557
42.8932814393280	29.6921203617253
43.0013004406365	29.5193452725765
43.1091896395573	29.3461519614608
43.2169495754105	29.1725438783920
43.3245807907553	28.9985244657243
43.4320838313210	28.8240971580335
43.5394592459389	28.6492653820016
43.6467075864744	28.4740325563036
43.7538294077592	28.2984020914980
43.8608252675238	28.1223773899193
43.9676957263305	27.9459618455744
44.0744413475063	27.7691588440411
44.1810626970765	27.5919717623695
44.2875603436987	27.4144039689870
44.3939348585963	27.2364588236052
44.5001868154938	27.0581396771299
44.6063167905510	26.8794498715744
44.7123253622986	26.7003927399747
44.8182131115738	26.5209716063079
44.9239806214560	26.3411897854133
45.0296284772038	26.1610505829163
45.1351572661915	25.9805572951544
45.2405675778466	25.7997132091067
45.3458600035873	25.6185216023249
45.4510351367608	25.4369857428683
45.5560935725823	25.2551088892396
45.6610359080736	25.0728942903250
45.7658627420030	24.8903451853354
45.8705746748251	24.7074648037507
45.9751723086220	24.5242563652665
46.0796562470434	24.3407230797434
46.1840270952490	24.1568681471577
46.2882854598502	23.9726947575556
46.3924319488524	23.7882060910093
46.4964671715987	23.6034053175748
46.6003917387128	23.4182955972530
46.7042062620437	23.2328800799517
46.8079113546099	23.0471619054514
46.9115076305447	22.8611442033713
47.0149957050421	22.6748300931394
47.1183761943027	22.4882226839627
47.2216497154805	22.3013250748014
47.3248168866303	22.1141403543433
47.4278783266556	21.9266716009814
47.5308346552569	21.7389218827930
47.6336864928802	21.5508942575204
47.7364344606672	21.3625917725541
47.8390791804046	21.1740174649174
47.9416212744750	20.9851743612528
48.0440613658079	20.7960654778102
48.1464000778313	20.6066938204370
48.2486380344237	20.4170623845697
48.3507758598670	20.2271741552272
48.4528141787995	20.0370321070055
48.5547536161700	19.8466392040748
48.6565947971916	19.6559984001769
48.7583383472972	19.4651126386253
48.8599848920942	19.2739848523059
48.9615350573206	19.0826179636798
49.0629894688018	18.8910148847871
49.1643487524072	18.6991785172521
49.2656135340074	18.5071117522905
49.3667844394330	18.3148174707168
49.4678620944322	18.1222985429539
49.5688471246307	17.9295578290436
49.6697401554904	17.7365981786586
49.7705418122702	17.5434224311149
49.8712527199860	17.3500334153865
49.9718735033721	17.1564339501206
50.0724047868428	16.9626268436535
50.1728471944539	16.7686148940286
50.2732013498660	16.5744008890145
50.3734678763070	16.3799876061246
50.4736473965361	16.1853778126378
50.5737405328071	15.9905742656193
50.6737479068336	15.7955797119435
50.7736701397534	15.6003968883169
50.8735078520944	15.4050285213025
50.9732616637400	15.2094773273444
51.0729321938957	15.0137460127934
51.1725200610560	14.8178372739341
51.2720258829711	14.6217537970114
51.3714502766155	14.4254982582592
51.4707938581550	14.2290733239284
51.5700572429162	14.0324816503167
51.6692410453550	13.8357258837985
51.7683458790261	13.6388086608551
51.8673723565529	13.4417326081065
51.9663210895976	13.2445003423429
52.0651926888320	13.0471144705569
52.1639877639085	12.8495775899763
52.2627069234315	12.6518922880977
52.3613507749294	12.4540611427200
52.4599199248266	12.2560867219787
52.5584149784164	12.0579715843807
52.6568365398338	11.8597182788391
52.7551852120290	11.6613293447090
52.8534615967412	11.4628073118228
52.9516662944723	11.2641547005265
53.0497999044620	11.0653740217166
53.1478630246622	10.8664677768761
53.2458562517123	10.6674384581118
53.3437801809146	10.4682885481917
53.4416354062103	10.2690205205821
53.5394225201557	10.0696368394857
53.6371421138984	9.87013995987894
53.7347947771548	9.67053232755049
53.8323810981865	9.47081637913912
53.9299016637781	9.27099454217214
54.0273570592150	9.07106923510378
54.1247478682616	8.87104286735363
54.2220746731392	8.67091783934524
54.3193380545053	8.47069654254483
54.4165385914318	8.27038135949981
54.5136768613850	8.06997466387758
54.6107534402045	7.86947882050415
54.7077689020834	7.66889618540282
54.8047238195478	7.46822910583294
54.9016187634380	7.26747992032822
54.9984543028880	7.06665095873565
55.0952310053070	6.86574454225358
55.1919494363604	6.66476298347039
55.2886101599508	6.46370858640250
55.3852137381999	6.26258364653262
55.4817607314299	6.06139045084782
55.5782516981457	5.86013127787710
55.6746871950173	5.65880839772936
55.7710677768617	5.45742407213066
55.8673939966263	5.25598055446163
55.9636664053710	5.05448008979439
56.0598855522518	4.85292491492970
56.1560519845039	4.65131725843331
56.2521662474250	4.44965934067233
56.3482288843592	4.24795337385155
56.4442404366808	4.04620156204904
56.5402014437781	3.84440610125189
56.6361124430380	3.64256917939126
56.7319739698299	3.44069297637745
56.8277865574906	3.23877966413449
56.9235507373090	3.03683140663435
57.0192670385106	2.83485035993095
57.1149359882431	2.63283867219364
57.2105581115610	2.43079848374059
57.3061339314116	2.22873192707133
57.4016639686197	2.02664112689941
57.4971487418739	1.82452820018434
57.5925887677119	1.62239525616326
57.6879845605067	1.42024439638215
57.7833366324525	1.21807771472654
57.8786454935508	1.01589729745188
57.9739116515966	0.813705223213358
58.0691356121652	0.611503563095491
58.1643178785981	0.409294380640942
58.2594589519902	0.207079731879050
58.3545593311762	0.00486166535375432
58.4496195127174	-0.197357777848882
58.5446399908889	-0.399576564073550
58.6396212576663	-0.601792667069464
58.7345638027131	-0.804004067964188
58.8294681133680	-1.00620875523836
58.9243346746316	-1.20840472470059
59.0191639691547	-1.41058997946352
59.1139564772250	-1.61276252991954
59.2087126767552	-1.81492039371802
59.3034330432700	-2.01706159574230
59.3981180498947	-2.21918416808769
59.4927681673421	-2.42128615004035
59.5873838639010	-2.62336558805565
59.6819656054236	-2.82542053573867
59.7765138553139	-3.02744905382392
59.8710290745154	-3.22944921015642
59.9655117214993	-3.43141907967342
60.0599622522526	-3.63335674438627
60.1543811202667	-3.83526029336352
60.2487687765248	-4.03712782271397
60.3431256694909	-4.23895743557115
60.4374522450979	-4.44074724207790
60.5317489467358	-4.64249535937146
60.6260162152403	-4.84419991157006
60.7202544888813	-5.04585902975931
60.8144642033510	-5.24747085197970
60.9086457917528	-5.44903352321451
61.0027996845898	-5.65054519537894
61.0969263097530	-5.85200402730931
61.1910260925103	-6.05340818475325
61.2850994554946	-6.25475584036066
61.3791468186932	-6.45604517367521
61.4731685994355	-6.65727437112675
61.5671652123824	-6.85844162602436
61.6611370695146	-7.05954513854973
61.7550845801213	-7.26058311575217
61.8490081507890	-7.46155377154352
61.9429081853901	-7.66245532669416
62.0367850850717	-7.86328600882976
62.1306392482440	-8.06404405242872
62.2244710705694	-8.26472769882036
62.3182809449511	-8.46533519618401
62.4120692615214	-8.66586479954844
62.5058364076310	-8.86631477079295
62.5995827678374	-9.06668337864806
62.6933087238932	-9.26696889869795
62.7870146547356	-9.46716961338322
62.8807009364743	-9.66728381200450
62.9743679423805	-9.86730979072691
63.0680160428755	-10.0672458525854
63.1616456055194	-10.2670903074905
63.2552569949992	-10.4668414722357
63.3488505731182	-10.6664976705043
63.4424266987839	-10.8660572328789
63.5359857279967	-11.0655184968498
63.6295280138385	-11.2648798068254
63.7230539064612	-11.4641395141436
63.8165637530749	-11.6632959770827
63.9100578979368	-11.8623475608746
64.0035366823391	-12.0612926377185
64.0970004445977	-12.2601295867942
64.1904495200403	-12.4588567942784
64.2838842409950	-12.6574726533596
64.3773049367782	-12.8559755642559
64.4707119336833	-13.0543639342320
64.5641055549683	-13.2526361776182
64.6574861208444	-13.4507907158293
64.7508539484641	-13.6488259773856
64.8442093519089	-13.8467403979334
64.9375526421777	-14.0445324202674
65.0308841271748	-14.2422004943537
65.1242041116975	-14.4397430773532
65.2175128974242	-14.6371586336466
65.3108107829023	-14.8344456348598
65.4040980635359	-15.0316025598909
65.4973750315735	-15.2286278949366
65.5906419760960	-15.4255201335213
65.6838991830037	-15.6222777765258
65.7771469350044	-15.8188993322180
65.8703855116011	-16.0153833162830
65.9636151890787	-16.2117282518556
66.0568362404923	-16.4079326695531
66.1500489356536	-16.6039951075091
66.2432535411193	-16.7999141114077
66.3364503201774	-16.9956882345197
66.4296395328346	-17.1913160377387
66.5228214358039	-17.3867960896190
66.6159962824908	-17.5821269664136
66.7091643229810	-17.7773072521137
66.8023258040270	-17.9723355384893
66.8954809690346	-18.1672104251300
66.9886300580504	-18.3619305194876
67.0817733077478	-18.5564944369190
67.1749109514138	-18.7509008007304
67.2680432189360	-18.9451482422225
67.3611703367882	-19.1392354007367
67.4542925280175	-19.3331609237019
67.5474100122302	-19.5269234666824
67.6405230055782	-19.7205216934274
67.7336317207451	-19.9139542759206
67.8267363669322	-20.1072198944312
67.9198371498445	-20.3003172375663
68.0129342716763	-20.4932450023231
68.1060279310977	-20.6860018941439
68.1991183232395	-20.8785866269703
68.2922056396790	-21.0709979232996
68.3852900684260	-21.2632345142410
68.4783717939075	-21.4552951395756
68.5714509969535	-21.6471785478130
68.6645278547819	-21.8388834962535
68.7576025409839	-22.0304087510479
68.8506752255086	-22.2217530872600
68.9437460746483	-22.4129152889305
69.0368152510231	-22.6038941491402
69.1298829135653	-22.7946884700762
69.2229492175046	-22.9852970630980
69.3160143143519	-23.1757187488048
69.4090783518838	-23.3659523571041
69.5021414741272	-23.5559967272821
69.5952038213427	-23.7458507080728
69.6882655300091	-23.9355131577315
69.7813267328069	-24.1249829441066
69.8743875586021	-24.3142589447140
69.9674481324300	-24.5033400468123
70.0605085754780	-24.6922251474790
70.1535690050694	-24.8809131536875
70.2466295346464	-25.0694029823862
70.3396902737530	-25.2576935605779
70.4327513280180	-25.4457838254007
70.5258127991375	-25.6336727242094
70.6188747848574	-25.8213592146593
70.7119373789559	-26.0088422647905
70.8050006712259	-26.1961208531130
70.8980647474564	-26.3831939686933
70.9911296894149	-26.5700606112431
71.0841955748289	-26.7567197912073
71.1772624773676	-26.9431705298550
71.2703304666228	-27.1294118593713
71.3633996080903	-27.3154428229492
71.4564699631508	-27.5012624748844
71.5495415890507	-27.6868698806703
71.6426145388824	-27.8722641170950
71.7356888615650	-28.0574442723384
71.8287646018239	-28.2424094460722
71.9218418001712	-28.4271587495601
72.0149204928850	-28.6116913057596
72.1080007119889	-28.7960062494250
72.2010824852314	-28.9801027272122
72.2941658360647	-29.1639798977849
72.3872507836233	-29.3476369319210
72.4803373427026	-29.5310730126223
72.5734255237370	-29.7142873352237
72.6665153327782	-29.8972791075058
72.7596067714721	-30.0800475498068
72.8526998370367	-30.2625918951375
72.9457945222393	-30.4449113892976
73.0388908153727	-30.6270052909925
73.1319887002323	-30.8088728719526
73.2250881560918	-30.9905134170540
73.3181891576792	-31.1719262244402
73.4112916751525	-31.3531106056463
73.5043956740745	-31.5340658857239
73.5975011153879	-31.7147914033679
73.6906079553896	-31.8952865110456
73.7837161457049	-32.0755505751272
73.8768256332614	-32.2555829760164
73.9699363602617	-32.4353831082860
74.0630482641573	-32.6149503808115
74.1561612776200	-32.7942842169099
74.2492753285152	-32.9733840544780
74.3423903398726	-33.1522493461337
74.4355062298578	-33.3308795593578
74.5286229117434	-33.5092741766405
74.6217402938789	-33.6874326956264
74.7148582796604	-33.8653546292640
74.8079767675005	-34.0430395059561
74.9010956507968	-34.2204868697123
74.9942148179002	-34.3976962803042
75.0873341520825	-34.5746673134218
75.1804535315043	-34.7513995608327
75.2735728291808	-34.9278926305433
75.3666919129486	-35.1041461469629
75.4598106454307	-35.2801597510682
75.5529288840016	-35.4559331005723
75.6460464807516	-35.6314658700952
75.7391632824501	-35.8067577513360
75.8322791305089	-35.9818084532493
75.9253938609441	-36.1566177022217
76.0185073043378	-36.3311852422536
76.1116192857990	-36.5055108351414
76.2047296249235	-36.6795942606637
76.2978381357531	-36.8534353167698
76.3909446267345	-37.0270338197704
76.4840489006766	-37.2003896045330
76.5771507547075	-37.3735025246776
76.6702499802306	-37.5463724527779
76.7633463628796	-37.7189992805636
76.8564396824728	-37.8913829191275
76.9495297129663	-38.0635232991344
77.0426162224064	-38.2354203710338
77.1356989728810	-38.4070741052765
77.2287777204697	-38.5784844925337
77.3218522151933	-38.7496515439202
77.4149222009620	-38.9205752912210
77.5079874155225	-39.0912557871216
77.6010475904036	-39.2616931054422
77.6941024508616	-39.4318873413756
77.7871517158235	-39.6018386117289
77.8801950978296	-39.7715470551697
77.9732323029742	-39.9410128324762
78.0662630308459	-40.1102361267914
78.1592869744656	-40.2792171438822
78.2523038202237	-40.4479561124019
78.3453132478158	-40.6164532841592
78.4383149301766	-40.7847089343895
78.5313085334130	-40.9527233620331
78.6242937167344	-41.1204968900174
78.7172701323830	-41.2880298655436
78.8102374255611	-41.4553226603808
78.9031952343574	-41.6223756711627
78.9961431896714	-41.7891893196917
79.0890809151357	-41.9557640532481
79.1820080270372	-42.1221003449050
79.2749241342355	-42.2881986938496
79.3678288380799	-42.4540596257098
79.4607217323244	-42.6196836928881
79.5536024030401	-42.7850714749007
79.6464704285258	-42.9502235787257
79.7393253792168	-43.1151406391543
79.8321668175907	-43.2798233191534
79.9249942980708	-43.4442723102314
80.0178073669284	-43.6084883328146
80.1106055621806	-43.7724721366292
80.2033884134871	-43.9362245010924
80.2961554420439	-44.0997462357108
80.3889061604739	-44.2630381804872
80.4816400727153	-44.4261012063370
80.5743566739064	-44.5889362155114
80.6670554502683	-44.7515441420321
80.7597358789837	-44.9139259521333
80.8523974280726	-45.0760826447143
80.9450395562657	-45.2380152518018
81.0376617128730	-45.3997248390225
81.1302633376502	-45.5612125060857
81.2228438606602	-45.7224793872777
81.3154027021324	-45.8835266519661
81.4079392723169	-46.0443555051166
81.5004529713353	-46.2049671878208
81.5929431890275	-46.3653629778367
81.6854093047942	-46.5255441901418
81.7778506874348	-46.6855121774984
81.8702666949813	-46.8452683310329
81.9626566745273	-47.0048140808293
82.0550199620521	-47.1641508965352
82.1473558822403	-47.3232802879834
82.2396637482956	-47.4822038058298
82.3319428617504	-47.6409230422042
82.4241925122687	-47.7994396313791
82.5164119774447	-47.9577552504543
82.6086005225943	-48.1158716200586
82.7007574005416	-48.2737905050687
82.7928818513989	-48.4315137153478
82.8849731023398	-48.5890431065004
82.9770303673669	-48.7463805806491
83.0690528470710	-48.9035280872285
83.1610397283845	-49.0604876238031
83.2529901843272	-49.2172612369031
83.3449033737441	-49.3738510228846
83.4367784410356	-49.5302591288114
83.5286145158799	-49.6864877533602
83.6204107129463	-49.8425391477506
83.7121661316005	-49.9984156166996
83.8038798556004	-50.1541195194026
83.8955509527829	-50.3096532705393
83.9871784747409	-50.4650193413106
84.0787614564898	-50.6202202605008
84.1702989161249	-50.7752586155708
84.2617898544665	-50.9301370537821
84.3532332546951	-51.0848582833509
84.4446280819741	-51.2394250746375
84.5359732830614	-51.3938402613670
84.6272677859076	-51.5481067418856
84.7185104992425	-51.7022274804539
84.8097003121467	-51.8562055085772
84.9008360936108	-52.0100439263752
84.9919166920792	-52.1637459039893
85.0829409349796	-52.3173146830354
85.1739076282359	-52.4707535780974
85.2648155557667	-52.6240659782648
85.3556634789651	-52.7772553487180
85.4464501361624	-52.9303252323613
85.5371742420731	-53.0832792515040
85.6278344872214	-53.2361211095957
85.7184295373478	-53.3888545930120
85.8089580327952	-53.5414835728967
85.8994185878746	-53.6940120070625
85.9898097902075	-53.8464439419495
86.0801302000469	-53.9987835146458
86.1703783495726	-54.1510349549721
86.2605527421632	-54.3032025876340
86.3506518516411	-54.4552908344412
86.4406741214911	-54.6073042165994
86.5306179640507	-54.7592473570769
86.6204817596704	-54.9111249830472
86.7102638558448	-55.0629419284127
86.7999625663100	-55.2147031364116
86.8895761701092	-55.3664136623114
86.9791029106227	-55.5180786761912
87.0685409945616	-55.6697034658195
87.1578885909243	-55.8212934396273
87.2471438299122	-55.9728541297841
87.3363048018054	-56.1243911953772
87.4253695557938	-56.2759104257026
87.5143360987643	-56.4274177436664
87.6032023940395	-56.5789192093098
87.6919663600677	-56.7304210234514
87.7806258690610	-56.8819295314640
87.8691787455791	-57.0334512271792
87.9576227650560	-57.1849927569371
88.0459556522683	-57.3365609237764
88.1341750797398	-57.4881626917794
88.2222786660819	-57.6398051905724
88.3102639742651	-57.7914957199915
88.3981285098188	-57.9432417549202
88.4858697189553	-58.0950509503050
88.5734849866156	-58.2469311463583
88.6609716344311	-58.3988903739566
88.7483269185985	-58.5509368602409
88.8355480276634	-58.7030790344301
88.9226320802069	-58.8553255338560
89.0095761224308	-59.0076852102295
89.0963771256368	-59.1601671361511
89.1830319835927	-59.3127806118693
89.2695375097806	-59.4655351723102
89.3558904345214	-59.6184405943772
89.4420874019666	-59.7715069045440
89.5281249669533	-59.9247443867488
89.6139995917124	-60.0781635906046
89.6997076424234	-60.2317753399414
89.7852453856066	-60.3855907416959
89.8706089843440	-60.5396211951621
89.9557944943184	-60.6938784016264
90.0407978596621	-60.8483743743975
90.1256149086019	-61.0031214492558
90.2102413488907	-61.1581322953418
90.2946727630120	-61.3134199265022
90.3789046031446	-61.4689977131183
90.4629321858725	-61.6248793944398
90.5467506866261	-61.7810790914489
90.6303551338361	-61.9376113202816
90.7137404027856	-62.0944910062322
90.7969012091397	-62.2517334983717
90.8798321021323	-62.4093545848134
90.9625274573914	-62.5673705086507
91.0449814693763	-62.7257979846111
91.1271881434050	-62.8846542164572
91.2091412872440	-63.0439569151728
91.2908345022325	-63.2037243179774
91.3722611739099	-63.3639752082114
91.4534144621153	-63.5247289361340
91.5342872905219	-63.6860054406879
91.6148723355697	-63.8478252722739
91.6951620147550	-64.0102096165956
91.7751484742324	-64.1731803196254
91.8548235756827	-64.3367599137552
91.9341788823940	-64.5009716451904
92.0132058257887	-64.6658373857969
92.0918950183431	-64.8313862651180
92.1702371033379	-64.9976414723956
92.2482223530913	-65.1646295378236
92.3258405983066	-65.3323777359656
92.4030812679636	-65.5009142500699
92.4799333679260	-65.6702682099150
92.5563854583176	-65.8404697319064
92.6324256294050	-66.0115499611534
92.7080414758834	-66.1835411156372
92.7832200694395	-66.3564765325922
92.8579479294588	-66.5303907172070
92.9322109917295	-66.7053193937739
93.0059945749851	-66.8812995594120
93.0792833451109	-67.0583695404959
93.1520612768253	-67.2365690519290
93.2243116126310	-67.4159392594074
93.2960168188080	-67.5965228448164
93.3671585382058	-67.7783640749221
93.4377175395626	-67.9615088735069
93.5076736630608	-68.1460048971154
93.5770057617950	-68.3319016145755
93.6456916388028	-68.5192503904558
93.7137079792714	-68.7081045726339
93.7810302775014	-68.8985195841362
93.8476327581630	-69.0905530194181
93.9134882913402	-69.2842647452453
93.9785683008089	-69.4797170063303
94.0428426649390	-69.6769745358744
94.1062796095544	-69.8761046711516
94.1688455920208	-70.0771774742605
94.2305051757561	-70.2802658581562
94.2912208942863	-70.4854457180604
94.3509531038800	-70.6927960683282
94.4096598237031	-70.9023991848456
94.4672965623323	-71.1143407530193
94.5238161293538	-71.3287100214247
94.5791684306478	-71.5455999612092
94.6333002458267	-71.7651074313939
94.6861549861385	-71.9873333503327
94.7376724309833	-72.2123828737646
94.7877884409959	-72.4403655801961
94.8364346454352	-72.6713956648272
94.8835381013616	-72.9055921439637
94.9290209217852	-73.1430790729911
94.9727998695906	-73.3839857826623
95.0147859135633	-73.6284471410112
95.0548837422112	-73.8766038520032
95.0929912301917	-74.1286028077377
95.1289988509122	-74.3845975195620
95.1627890270267	-74.6447486663349
95.1942354077832	-74.9092248176020
95.2232020578875	-75.1782034193139
95.2495425358029	-75.4518721760046
95.2730988285654	-75.7304310360741
95.2937000924488	-76.0140951033533
95.3111611191584	-76.3030989889903
95.3252803964470	-76.5977034391745
95.3358375425693	-76.8982056338743
95.3425897307227	-77.2049555662776
95.3452664084268	-77.5183828435583
95.3435609903574	-77.8390421506717
95.3371168513493	-78.1676941019886
95.3255017560437	-78.5054584420984
95.3081563894061	-78.8541309782862
95.2842536256377	-79.2170787448809
95.2524368289359	-79.6008353646196
95.2093229463076	-80.0251665929669
95.1316305367601	-80.6420340932994