  0.00000000	  0.00000000
 -2.96364020	  0.40000000
 -6.04092605	  0.74794180
 -9.20588787	  1.05270292
-12.43756799	  1.32166883
-15.71932690	  1.56084015
-19.03802928	  1.77503343
-22.38329007	  1.96809451
-25.74684282	  2.14309019
-29.12203688	  2.30246792
-32.50344774	  2.44818396
-35.88657944	  2.58180422
-39.26763908	  2.70458314
-42.64336658	  2.81752514
-46.01090671	  2.92143271
-49.36771313	  3.01694433
-52.71147718	  3.10456450
-56.04007557	  3.18468797
-59.35153286	  3.25761931
-62.64399565	  3.32358916
-65.91571580	  3.38276774
-69.16504104	  3.43527642
-72.39041113	  3.48119758
-75.59035848	  3.52058331
-78.76351194	  3.55346298
-81.90860284	  3.57985001
-85.02447229	  3.59974781
-88.11007898	  3.61315511
-91.16450672	  3.62007058
-94.18697109	  3.62049688
-97.17682481	  3.61444406
-100.13356126	  3.60193247
-103.05681606	  3.58299498
-105.94636649	  3.55767882
-108.80212886	  3.52604676
-111.62415375	  3.48817792
-114.41261947	  3.44416808
-117.16782396	  3.39412968
-119.89017534	  3.33819141
-122.58018153	  3.27649755
-125.23843918	  3.20920708
-127.86562228	  3.13649261
-130.46247064	  3.05853919
-133.02977862	  2.97554292
-135.56838409	  2.88770969
-138.07915801	  2.79525368
-140.56299462	  2.69839602
-143.02080235	  2.59736340
-145.45349541	  2.49238673
-147.86198632	  2.38369981
-150.24717909	  2.27153814
-152.60996319	  2.15613775
-154.95120827	  2.03773406
-157.27175952	  1.91656089
-159.57243365	  1.79284953
-161.85401549	  1.66682777
-164.11725499	  1.53871920
-166.36286479	  1.40874236
-168.59151808	  1.27711013
-170.80384689	  1.14402909
-173.00044057	  1.00969893
-175.18184461	  0.87431197
-177.34855957	  0.73805268
-179.50104018	  0.60109725
-181.63969462	  0.46361323
-183.76488375	  0.32575917
-185.87692048	  0.18768432
-187.97606911	  0.04952830
-190.06254459	 -0.08857912
-192.13651177	 -0.22651831
-194.19808456	 -0.36418001
-196.24732485	 -0.50146558
-198.28424139	 -0.63828726
-200.30878833	 -0.77456843
-202.32086356	 -0.91024389
-204.32030670	 -1.04526018
-206.30689674	 -1.17957598
-208.28034913	 -1.31316249
-210.24031248	 -1.44600401
-212.18636448	 -1.57809847
-214.11800711	 -1.70945825
-216.03466092	 -1.84011103
-217.93565824	 -1.97010090
-219.82023500	 -2.09948972
-221.68752091	 -2.22835878
-223.53652768	 -2.35681084
-225.36613470	 -2.48497268
-227.17507162	 -2.61299829
-228.96189689	 -2.74107281
-230.72497135	 -2.86941759
-232.46242508	 -2.99829651
-234.17211562	 -3.12802415
-235.85157464	 -3.25897631
-237.49793866	 -3.39160370
-239.10785806	 -3.52645003
-240.67737508	 -3.66417628
-242.20175717	 -3.80559348
-243.67526397	 -3.95170812
-245.09081320	 -4.10378598
-246.43948686	 -4.26344395
-247.70977680	 -4.43278534
-248.88638564	 -4.61460495
-249.94823307	 -4.81270935
-250.86496337	 -5.03243323
-251.59045508	 -5.28149473
-252.04999119	 -5.57141491
-252.11376606	 -5.91962022
-251.54625505	 -6.35028058
-249.97721198	 -6.87842499
-247.23100954	 -7.44785040
-243.77376332	 -7.95127427
-240.08736585	 -8.35701450
-236.35799486	 -8.68038590
-232.64128056	 -8.93955196
-228.95336700	 -9.14774526
-225.29841752	 -9.31404710
-221.67683490	 -9.44473724
-218.08791679	 -9.54424320
-214.53076606	 -9.61574634
-211.00460419	 -9.66156967
-207.50886664	 -9.68343264
-204.04321552	 -9.68262379
-200.60752085	 -9.66012161
-197.20183057	 -9.61668174
-193.82633734	 -9.55290158
-190.48134512	 -9.46926931
-187.16723700	 -9.36620176
-183.88444464	 -9.24407405
-180.63341950	 -9.10324288
-177.41460623	 -8.94406471
-174.22841831	 -8.76690992
-171.07521636	 -8.57217326
-167.95528928	 -8.36028146
-164.86883850	 -8.13169807
-161.81596557	 -7.88692607
-158.79666303	 -7.62650862
-155.81080879	 -7.35102803
-152.85816364	 -7.06110358
-149.93837183	 -6.75738819
-147.05096443	 -6.44056442
-144.19536498	 -6.11133991
-141.37089713	 -5.77044265
-138.57679375	 -5.41861602
-135.81220724	 -5.05661410
-133.07622052	 -4.68519696
-130.36785832	 -4.30512644
-127.68609860	 -3.91716212
-125.02988379	 -3.52205778
-122.39813154	 -3.12055816
-119.78974502	 -2.71339619
-117.20362250	 -2.30129050
-114.63866623	 -1.88494335
-112.09379062	 -1.46503879
-109.56792957	 -1.04224115
-107.06004316	 -0.61719367
-104.56912360	 -0.19051744
-102.09420051	  0.23718962
-99.63434563	  0.66535358
-97.18867697	  1.09342526
-94.75636245	  1.52088092
-92.33662312	  1.94722291
-89.92873604	  2.37198023
-87.53203681	  2.79470922
-85.14592181	  3.21499408
-82.76985032	  3.63244753
-80.40334638	  4.04671142
-78.04600067	  4.45745746
-75.69747225	  4.86438784
-73.35749040	  5.26723608
-71.02585654	  5.66576779
-68.70244630	  6.05978162
-66.38721187	  6.44911019
-64.08018473	  6.83362124
-61.78147884	  7.21321888
-59.49129446	  7.58784498
-57.20992281	  7.95748083
-54.93775171	  8.32214910
-52.67527255	  8.68191612
-50.42308886	  9.03689464
-48.18192694	  9.38724724
-45.95264915	  9.73319035
-43.73627043	 10.07499943
-41.53397925	 10.41301526
-39.34716400	 10.74765191
-37.17744677	 11.07940687
-35.02672689	 11.40887389
-32.89723759	 11.73675960
-30.79162074	 12.06390512
-28.71302689	 12.39131449
-26.66525137	 12.72019253
-24.65292321	 13.05199604
-22.68177316	 13.38850411
-20.75902427	 13.73191667
-18.89397840	 14.08499548
-17.09892913	 14.45127118
-15.39064378	 14.83535611
-13.79289276	 15.24343247
-12.34103180	 15.68403893
-11.09090899	 16.16936982
-10.13759232	 16.71737662
 -9.65733426	 17.35434678
 -9.99342898	 18.11066713
-11.66028303	 18.96446345
-12.50000645	 19.23067396
-13.45543784	 19.48179864
-14.49660681	 19.71369281
-15.59696567	 19.92487624
-16.73623410	 20.11570235
-17.90014106	 20.28746755
-19.07904288	 20.44180734
-20.26652679	 20.58037310
-21.45834118	 20.70468867
-22.65165801	 20.81610211
-23.84458588	 20.91578219
-25.03585311	 21.00473333
-26.22460158	 21.08381630
-27.41025157	 21.15376921
-28.59241244	 21.21522657
-29.77082271	 21.26873569
-30.94530956	 21.31477051
-32.11576108	 21.35374321
-33.28210705	 21.38601372
-34.44430558	 21.41189767
-35.60233369	 21.43167298
-36.75618069	 21.44558532
-37.90584345	 21.45385272
-39.05132312	 21.45666940
-40.19262273	 21.45420906
-41.32974556	 21.44662757
-42.46269403	 21.43406537
-43.59146890	 21.41664949
-44.71606882	 21.39449524
-45.83648998	 21.36770773
-46.95272604	 21.33638317
-48.06476803	 21.30060999
-49.17260443	 21.26046983
-50.27622128	 21.21603844
-51.37560230	 21.16738637
-52.47072912	 21.11457974
-53.56158141	 21.05768075
-54.64813717	 20.99674824
-55.73037293	 20.93183820
-56.80826397	 20.86300409
-57.88178457	 20.79029731
-58.95090827	 20.71376747
-60.01560805	 20.63346270
-61.07585663	 20.54942989
-62.13162663	 20.46171496
-63.18289084	 20.37036302
-64.22962240	 20.27541857
-65.27179504	 20.17692565
-66.30938323	 20.07492798
-67.34236241	 19.96946908
-68.37070911	 19.86059236
-69.39440119	 19.74834123
-70.41341794	 19.63275916
-71.42774022	 19.51388970
-72.43735062	 19.39177662
-73.44223359	 19.26646386
-74.44237548	 19.13799561
-75.43776472	 19.00641629
-76.42839185	 18.87177061
-77.41424963	 18.73410354
-78.39533305	 18.59346032
-79.37163943	 18.44988644
-80.34316846	 18.30342766
-81.30992218	 18.15412996
-82.27190505	 18.00203953
-83.22912392	 17.84720276
-84.18158809	 17.68966621
-85.12930921	 17.52947656
-86.07230134	 17.36668061
-87.01058091	 17.20132523
-87.94416665	 17.03345734
-88.87307958	 16.86312386
-89.79734297	 16.69037172
-90.71698227	 16.51524774
-91.63202508	 16.33779872
-92.54250106	 16.15807129
-93.44844187	 15.97611194
-94.34988114	 15.79196701
-95.24685433	 15.60568258
-96.13939872	 15.41730454
-97.02755332	 15.22687847
-97.91135875	 15.03444968
-98.79085723	 14.84006317
-99.66609245	 14.64376357
-100.53710951	 14.44559518
-101.40395484	 14.24560189
-102.26667612	 14.04382721
-103.12532220	 13.84031422
-103.97994302	 13.63510557
-104.83058956	 13.42824346
-105.67731371	 13.21976963
-106.52016824	 13.00972535
-107.35920674	 12.79815140
-108.19448350	 12.58508808
-109.02605349	 12.37057519
-109.85397224	 12.15465202
-110.67829585	 11.93735735
-111.49908087	 11.71872948
-112.31638425	 11.49880615
-113.13026329	 11.27762462
-113.94077560	 11.05522161
-114.74797903	 10.83163334
-115.55193160	 10.60689551
-116.35269149	 10.38104331
-117.15031698	 10.15411142
-117.94486639	  9.92613401
-118.73639805	  9.69714476
-119.52497029	  9.46717684
-120.31064132	  9.23626295
-121.09346931	  9.00443527
-121.87351224	  8.77172552
-122.65082795	  8.53816496
-123.42547408	  8.30378437
-124.19750803	  8.06861406
-124.96698698	  7.83268391
-125.73396779	  7.59602334
-126.49850706	  7.35866135
-127.26066102	  7.12062650
-128.02048561	  6.88194693
-128.77803638	  6.64265038
-129.53336849	  6.40276418
-130.28653672	  6.16231526
-131.03759544	  5.92133018
-131.78659859	  5.67983511
-132.53359967	  5.43785585
-133.27865173	  5.19541787
-134.02180735	  4.95254623
-134.76311865	  4.70926571
-135.50263725	  4.46560072
-136.24041429	  4.22157534
-136.97650042	  3.97721335
-137.71094576	  3.73253820
-138.44379992	  3.48757307
-139.17511199	  3.24234081
-139.90493055	  2.99686400
-140.63330362	  2.75116494
-141.36027869	  2.50526565
-142.08590272	  2.25918789
-142.81022211	  2.01295317
-143.53328270	  1.76658273
-144.25512980	  1.52009758
-144.97580813	  1.27351849
-145.69536186	  1.02686599
-146.41383461	  0.78016038
-147.13126940	  0.53342177
-147.84770871	  0.28667002
-148.56319440	  0.03992478
-149.27776781	 -0.20679447
-149.99146964	 -0.45346847
-150.70434004	 -0.70007818
-151.41641857	 -0.94660470
-152.12774419	 -1.19302936
-152.83835527	 -1.43933364
-153.54828958	 -1.68549922
-154.25758429	 -1.93150795
-154.96627599	 -2.17734184
-155.67440063	 -2.42298309
-156.38199357	 -2.66841405
-157.08908955	 -2.91361722
-157.79572269	 -3.15857530
-158.50192650	 -3.40327112
-159.20773386	 -3.64768766
-159.91317702	 -3.89180808
-160.61828759	 -4.13561569
-161.32309654	 -4.37909394
-162.02763422	 -4.62222643
-162.73193031	 -4.86499693
-163.43601383	 -5.10738936
-164.13991316	 -5.34938778
-164.84365601	 -5.59097641
-165.54726941	 -5.83213961
-166.25077971	 -6.07286192
-166.95421260	 -6.31312802
-167.65759305	 -6.55292274
-168.36094535	 -6.79223109
-169.06429309	 -7.03103821
-169.76765912	 -7.26932944
-170.47106561	 -7.50709025
-171.17453395	 -7.74430631
-171.87808485	 -7.98096344
-172.58173824	 -8.21704765
-173.28551330	 -8.45254513
-173.98942845	 -8.68744223
-174.69350134	 -8.92172553
-175.39774883	 -9.15538177
-176.10218700	 -9.38839790
-176.80683113	 -9.62076108
-177.51169566	 -9.85245868
-178.21679423	-10.08347829
-178.92213964	-10.31380770
-179.62774385	-10.54343496
-180.33361794	-10.77234834
-181.03977213	-11.00053637
-181.74621578	-11.22798782
-182.45295732	-11.45469173
-183.16000428	-11.68063741
-183.86736329	-11.90581444
-184.57504001	-12.13021272
-185.28303918	-12.35382241
-185.99136456	-12.57663400
-186.70001892	-12.79863832
-187.40900405	-13.01982649
-188.11832073	-13.24019000
-188.82796869	-13.45972070
-189.53794664	-13.67841079
-190.24825221	-13.89625288
-190.95888195	-14.11323994
-191.66983133	-14.32936537
-192.38109465	-14.54462299
-193.09266513	-14.75900706
-193.80453478	-14.97251228
-194.51669444	-15.18513385
-195.22913376	-15.39686742
-195.94184113	-15.60770917
-196.65480369	-15.81765580
-197.36800731	-16.02670453
-198.08143652	-16.23485317
-198.79507454	-16.44210008
-199.50890319	-16.64844425
-200.22290289	-16.85388527
-200.93705262	-17.05842339
-201.65132988	-17.26205953
-202.36571066	-17.46479527
-203.08016937	-17.66663297
-203.79467884	-17.86757568
-204.50921023	-18.06762727
-205.22373301	-18.26679237
-205.93821487	-18.46507648
-206.65262172	-18.66248595
-207.36691756	-18.85902805
-208.08106446	-19.05471096
-208.79502248	-19.24954386
-209.50874956	-19.44353694
-210.22220149	-19.63670144
-210.93533176	-19.82904971
-211.64809152	-20.02059525
-212.36042944	-20.21135278
-213.07229157	-20.40133825
-213.78362129	-20.59056894
-214.49435910	-20.77906350
-215.20444251	-20.96684202
-215.91380587	-21.15392612
-216.62238017	-21.34033897
-217.33009291	-21.52610546
-218.03686782	-21.71125220
-218.74262467	-21.89580767
-219.44727899	-22.07980229
-220.15074184	-22.26326856
-220.85291943	-22.44624115
-221.55371285	-22.62875704
-222.25301766	-22.81085569
-222.95072348	-22.99257914
-223.64671358	-23.17397221
-224.34086432	-23.35508269
-225.03304459	-23.53596150
-225.72311522	-23.71666296
-226.41092829	-23.89724499
-227.09632627	-24.07776938
-227.77914127	-24.25830209
-228.45919394	-24.43891356
-229.13629246	-24.61967906
-229.81023125	-24.80067909
-230.48078957	-24.98199980
-231.14772993	-25.16373346
-231.81079627	-25.34597901
-232.46971192	-25.52884262
-233.12417718	-25.71243840
-233.77386665	-25.89688907
-234.41842607	-26.08232684
-235.05746872	-26.26889429
-235.69057121	-26.45674543
-236.31726858	-26.64604686
-236.93704859	-26.83697906
-237.54934500	-27.02973790
-238.15352960	-27.22453628
-238.74890283	-27.42160600
-239.33468257	-27.62119991
-239.90999068	-27.82359429
-240.47383684	-28.02909150
-241.02509901	-28.23802303
-241.56249954	-28.45075281
-242.08457607	-28.66768092
-242.58964563	-28.88924752
-243.07576023	-29.11593706
-243.54065176	-29.34828243
-243.98166313	-29.58686875
-244.39566238	-29.83233604
-244.77893523	-30.08537965
-245.12705163	-30.34674621
-245.43470195	-30.61722170
-245.69550094	-30.89760566
-245.90176492	-31.18866201
-246.04428435	-31.49103144
-246.11214924	-31.80508398
-246.09274968	-32.13068511
-245.97217435	-32.46685554
-245.73633227	-32.81134387
-245.37309489	-33.16022883
-244.87534384	-33.50781256
-244.24391296	-33.84711863
-243.48868616	-34.17104838
-242.62677746	-34.47373394
-241.67867584	-34.75140041
-240.66444515	-35.00243586
-239.60140077	-35.22690712
-238.50335190	-35.42592748
-237.38081112	-35.60113175
-236.24158608	-35.75432819
-235.09141423	-35.88730021
-233.93450425	-36.00170868
-232.77395449	-36.09905346
-231.61206145	-36.18066668
-230.45054219	-36.24772154
-229.29069327	-36.30124768
-228.13350410	-36.34214826
-226.97973818	-36.37121670
-225.82999151	-36.38915190
-224.68473497	-36.39657163
-223.54434520	-36.39402420
-222.40912730	-36.38199839
-221.27933165	-36.36093190
-220.15516641	-36.33121860
-219.03680684	-36.29321462
-217.92440237	-36.24724353
-216.81808187	-36.19360079
-215.71795765	-36.13255748
-214.62412849	-36.06436355
-213.53668196	-35.98925054
-212.45569610	-35.90743396
-211.38124079	-35.81911530
-210.31337865	-35.72448375
-209.25216587	-35.62371775
-208.19765266	-35.51698621
-207.14988374	-35.40444968
-206.10889855	-35.28626128
-205.07473154	-35.16256752
-204.04741229	-35.03350906
-203.02696562	-34.89922123
-202.01341172	-34.75983467
-201.00676618	-34.61547572
-200.00704005	-34.46626680
-199.01423995	-34.31232679
-198.02836806	-34.15377129
-197.04942222	-33.99071287
-196.07739598	-33.82326129
-195.11227868	-33.65152364
-194.15405554	-33.47560455
-193.20270773	-33.29560627
-192.25821251	-33.11162879
-191.32054327	-32.92376994
-190.38966973	-32.73212548
-189.46555800	-32.53678913
-188.54817076	-32.33785265
-187.63746735	-32.13540588
-186.73340396	-31.92953680
-185.83593375	-31.72033152
-184.94500700	-31.50787437
-184.06057129	-31.29224786
-183.18257163	-31.07353278
-182.31095060	-30.85180814
-181.44564857	-30.62715128
-180.58660377	-30.39963781
-179.73375252	-30.16934168
-178.88702931	-29.93633518
-178.04636703	-29.70068896
-177.21169702	-29.46247207
-176.38294929	-29.22175195
-175.56005262	-28.97859447
-174.74293468	-28.73306394
-173.93152222	-28.48522316
-173.12574109	-28.23513339
-172.32551645	-27.98285443
-171.53077286	-27.72844462
-170.74143435	-27.47196085
-169.95742455	-27.21345860
-169.17866681	-26.95299199
-168.40508423	-26.69061376
-167.63659981	-26.42637531
-166.87313650	-26.16032677
-166.11461727	-25.89251695
-165.36096520	-25.62299344
-164.61210354	-25.35180260
-163.86795577	-25.07898959
-163.12844566	-24.80459842
-162.39349731	-24.52867193
-161.66303522	-24.25125189
-160.93698434	-23.97237894
-160.21527008	-23.69209271
-159.49781838	-23.41043175
-158.78455572	-23.12743366
-158.07540917	-22.84313502
-157.37030641	-22.55757148
-156.66917575	-22.27077777
-155.97194617	-21.98278771
-155.27854732	-21.69363426
-154.58890955	-21.40334950
-153.90296393	-21.11196472
-153.22064225	-20.81951039
-152.54187702	-20.52601621
-151.86660152	-20.23151113
-151.19474976	-19.93602334
-150.52625653	-19.63958034
-149.86105737	-19.34220895
-149.19908859	-19.04393530
-148.54028726	-18.74478487
-147.88459122	-18.44478254
-147.23193908	-18.14395255
-146.58227022	-17.84231855
-145.93552476	-17.53990364
-145.29164360	-17.23673035
-144.65056838	-16.93282067
-144.01224150	-16.62819608
-143.37660609	-16.32287755
-142.74360602	-16.01688556
-142.11318589	-15.71024013
-141.48529102	-15.40296080
-140.85986744	-15.09506669
-140.23686189	-14.78657648
-139.61622180	-14.47750845
-138.99789529	-14.16788045
-138.38183115	-13.85770998
-137.76797885	-13.54701413
-137.15628852	-13.23580966
-136.54671091	-12.92411295
-135.93919745	-12.61194006
-135.33370016	-12.29930672
-134.73017170	-11.98622833
-134.12856534	-11.67272001
-133.52883492	-11.35879656
-132.93093489	-11.04447251
-132.33482028	-10.72976210
-131.74044666	-10.41467932
-131.14777018	-10.09923789
-130.55674753	 -9.78345128
-129.96733593	 -9.46733275
-129.37949311	 -9.15089528
-128.79317735	 -8.83415168
-128.20834740	 -8.51711450
-127.62496253	 -8.19979611
-127.04298247	 -7.88220867
-126.46236745	 -7.56436415
-125.88307814	 -7.24627433
-125.30507569	 -6.92795083
-124.72832167	 -6.60940508
-124.15277811	 -6.29064835
-123.57840746	 -5.97169174
-123.00517259	 -5.65254622
-122.43303677	 -5.33322260
-121.86196368	 -5.01373154
-121.29191740	 -4.69408360
-120.72286237	 -4.37428916
-120.15476344	 -4.05435852
-119.58758580	 -3.73430183
-119.02129501	 -3.41412914
-118.45585698	 -3.09385039
-117.89123798	 -2.77347543
-117.32740459	 -2.45301398
-116.76432374	 -2.13247568
-116.20196269	 -1.81187009
-115.64028899	 -1.49120666
-115.07927051	 -1.17049479
-114.51887544	 -0.84974378
-113.95907224	 -0.52896285
-113.39982968	 -0.20816117
-112.84111680	  0.11265216
-112.28290293	  0.43346811
-111.72515767	  0.75427772
-111.16785087	  1.07507204
-110.61095267	  1.39584223
-110.05443345	  1.71657946
-109.49826383	  2.03727494
-108.94241470	  2.35791995
-108.38685717	  2.67850579
-107.83156261	  2.99902380
-107.27650260	  3.31946534
-106.72164897	  3.63982183
-106.16697375	  3.96008467
-105.61244922	  4.28024533
-105.05804785	  4.60029528
-104.50374234	  4.92022599
-103.94950560	  5.24002897
-103.39531074	  5.55969575
-102.84113109	  5.87921784
-102.28694015	  6.19858678
-101.73271166	  6.51779411
-101.17841954	  6.83683137
-100.62403790	  7.15569011
-100.06954104	  7.47436186
-99.51490348	  7.79283817
-98.96009990	  8.11111057
-98.40510518	  8.42917059
-97.84989439	  8.74700975
-97.29444280	  9.06461954
-96.73872584	  9.38199147
-96.18271915	  9.69911701
-95.62639855	 10.01598762
-95.06974005	 10.33259475
-94.51271983	 10.64892983
-93.95531428	 10.96498425
-93.39749998	 11.28074940
-92.83925367	 11.59621663
-92.28055233	 11.91137729
-91.72137308	 12.22622267
-91.16169328	 12.54074406
-90.60149046	 12.85493271
-90.04074235	 13.16877984
-89.47942691	 13.48227665
-88.91752228	 13.79541430
-88.35500681	 14.10818392
-87.79185908	 14.42057662
-87.22805786	 14.73258346
-86.66358217	 15.04419548
-86.09841125	 15.35540369
-85.53252454	 15.66619905
-84.96590175	 15.97657252
-84.39852283	 16.28651499
-83.83036797	 16.59601734
-83.26141760	 16.90507042
-82.69165242	 17.21366504
-82.12105343	 17.52179198
-81.54960185	 17.82944201
-80.97727922	 18.13660585
-80.40406737	 18.44327419
-79.82994841	 18.74943771
-79.25490479	 19.05508707
-78.67891925	 19.36021290
-78.10197488	 19.66480579
-77.52405509	 19.96885635
-76.94514368	 20.27235515
-76.36522476	 20.57529276
-75.78428285	 20.87765972
-75.20230286	 21.17944660
-74.61927007	 21.48064392
-74.03517020	 21.78124224
-73.44998939	 22.08123211
-72.86371423	 22.38060408
-72.27633174	 22.67934874
-71.68782945	 22.97745666
-71.09819536	 23.27491846
-70.50741797	 23.57172478
-69.91548633	 23.86786632
-69.32239000	 24.16333377
-68.72811913	 24.45811791
-68.13266444	 24.75220957
-67.53601724	 25.04559962
-66.93816948	 25.33827903
-66.33911375	 25.63023883
-65.73884330	 25.92147014
-65.13735208	 26.21196418
-64.53463473	 26.50171228
-63.93068667	 26.79070589
-63.32550404	 27.07893658
-62.71908381	 27.36639606
-62.11142374	 27.65307621
-61.50252245	 27.93896905
-60.89237943	 28.22406680
-60.28099508	 28.50836186
-59.66837075	 28.79184685
-59.05450874	 29.07451460
-58.43941237	 29.35635819
-57.82308598	 29.63737095
-57.20553502	 29.91754649
-56.58676601	 30.19687872
-55.96678666	 30.47536184
-55.34560585	 30.75299041
-54.72323370	 31.02975935
-54.09968161	 31.30566393
-53.47496229	 31.58069984
-52.84908983	 31.85486319
-52.22207975	 32.12815057
-51.59394901	 32.40055902
-50.96471611	 32.67208610
-50.33440114	 32.94272990
-49.70302579	 33.21248911
-49.07061348	 33.48136299
-48.43718938	 33.74935145
-47.80278048	 34.01645508
-47.16741567	 34.28267518
-46.53112582	 34.54801380
-45.89394383	 34.81247377
-45.25590476	 35.07605877
-44.61704586	 35.33877336
-43.97740669	 35.60062302
-43.33702924	 35.86161424
-42.69595799	 36.12175449
-42.05424006	 36.38105238
-41.41192528	 36.63951764
-40.76906637	 36.89716122
-40.12571903	 37.15399533
-39.48194210	 37.41003354
-38.83779774	 37.66529082
-38.19335154	 37.91978365
-37.54867274	 38.17353007
-36.90383440	 38.42654977
-36.25891364	 38.67886421
-35.61399183	 38.93049670
-34.96915484	 39.18147246
-34.32449331	 39.43181882
-33.68010295	 39.68156525
-33.03608483	 39.93074352
-32.39254573	 40.17938785
-31.74959853	 40.42753501
-31.10736260	 40.67522451
-30.46596423	 40.92249871
-29.82553719	 41.16940306
-29.18622319	 41.41598622
-28.54817256	 41.66230031
-27.91154484	 41.90840109
-27.27650954	 42.15434821
-26.64324696	 42.40020543
-26.01194907	 42.64604092
-25.38282056	 42.89192752
-24.75607989	 43.13794306
-24.13196056	 43.38417069
-23.51071255	 43.63069925
-22.89260382	 43.87762364
-22.27792211	 44.12504527
-21.66697692	 44.37307247
-21.06010173	 44.62182102
-20.45765655	 44.87141466
-19.86003075	 45.12198566
-19.26764640	 45.37367543
-18.68096191	 45.62663518
-18.10047631	 45.88102663
-17.52673413	 46.13702274
-16.96033096	 46.39480851
-16.40191993	 46.65458180
-15.85221910	 46.91655422
-15.31202007	 47.18095199
-14.78219801	 47.44801682
-14.26372328	 47.71800681
-13.75767499	 47.99119719
-13.26525696	 48.26788098
-12.78781632	 48.54836950
-12.32686542	 48.83299238
-11.88410767	 49.12209719
-11.46146788	 49.41604828
-11.06112794	 49.71522436
-10.68556881	 50.02001461
-10.33761947	 50.33081236
-10.02051363	 50.64800529
 -9.73795435	 50.97196100
 -9.49418600	 51.30300564
 -9.29407082	 51.64139313
 -9.14316423	 51.98726119
 -9.04777699	 52.34056984
 -9.01500305	 52.70101732
 -9.05267742	 53.06792875
 -9.16921006	 53.44011706
 -9.37322325	 53.81572385
 -9.67291544	 54.19206627
-10.07511129	 54.56554165
-10.58406715	 54.93166655
-11.20028361	 55.28532628
-11.91974543	 55.62125285
-12.73399173	 55.93463870
-13.63111732	 56.22169671
-14.59737791	 56.47998316
-15.61883960	 56.70841756
-16.68262264	 56.90706765
-17.77758166	 57.07682885
-18.89450567	 57.21910850
-20.02601352	 57.33557262
-21.16630556	 57.42796888
-22.31087762	 57.49801567
-23.45625309	 57.54733992
-24.59975530	 57.57744745
-25.73932407	 57.58971328
-26.87337243	 57.58538353
-28.00067656	 57.56558330
-29.12029208	 57.53132727
-30.23149057	 57.48353109
-31.33371146	 57.42302253
-32.42652554	 57.35055177
-33.50960717	 57.26680075
-34.58271297	 57.17239139
-35.64566545	 57.06789282
-36.69834033	 56.95382764
-37.74065666	 56.83067735
-38.77256903	 56.69888702
-39.79406143	 56.55886934
-40.80514236	 56.41100812
-41.80584084	 56.25566129
-42.79620326	 56.09316350
-43.77629068	 55.92382841
-44.74617672	 55.74795062
-45.70594567	 55.56580744
-46.65569101	 55.37766034
-47.59551404	 55.18375629
-48.52552283	 54.98432895
-49.44583116	 54.77959965
-50.35655772	 54.56977835
-51.25782537	 54.35506442
-52.14976040	 54.13564740
-53.03249204	 53.91170764
-53.90615185	 53.68341690
-54.77087329	 53.45093888
-55.62679127	 53.21442972
-56.47404178	 52.97403846
-57.31276154	 52.72990738
-58.14308770	 52.48217249
-58.96515750	 52.23096378
-59.77910811	 51.97640559
-60.58507630	 51.71861688
-61.38319832	 51.45771154
-62.17360964	 51.19379865
-62.95644484	 50.92698266
-63.73183741	 50.65736371
-64.49991967	 50.38503778
-65.26082261	 50.11009689
-66.01467582	 49.83262933
-66.76160735	 49.55271979
-67.50174369	 49.27044959
-68.23520966	 48.98589675
-68.96212837	 48.69913623
-69.68262116	 48.41024002
-70.39680757	 48.11927728
-71.10480530	 47.82631448
-71.80673018	 47.53141552
-72.50269617	 47.23464185
-73.19281531	 46.93605255
-73.87719776	 46.63570446
-74.55595173	 46.33365230
-75.22918356	 46.02994870
-75.89699766	 45.72464436
-76.55949654	 45.41778807
-77.21678084	 45.10942686
-77.86894932	 44.79960602
-78.51609886	 44.48836918
-79.15832454	 44.17575844
-79.79571959	 43.86181434
-80.42837546	 43.54657600
-81.05638182	 43.23008117
-81.67982660	 42.91236624
-82.29879599	 42.59346635
-82.91337451	 42.27341543
-83.52364499	 41.95224621
-84.12968864	 41.62999033
-84.73158505	 41.30667835
-85.32941223	 40.98233978
-85.92324663	 40.65700317
-86.51316320	 40.33069609
-87.09923538	 40.00344522
-87.68153515	 39.67527637
-88.26013307	 39.34621448
-88.83509827	 39.01628371
-89.40649853	 38.68550745
-89.97440029	 38.35390831
-90.53886864	 38.02150823
-91.09996743	 37.68832842
-91.65775921	 37.35438946
-92.21230532	 37.01971128
-92.76366590	 36.68431319
-93.31189990	 36.34821393
-93.85706514	 36.01143167
-94.39921830	 35.67398403
-94.93841496	 35.33588810
-95.47470965	 34.99716047
-96.00815584	 34.65781725
-96.53880597	 34.31787408
-97.06671151	 33.97734614
-97.59192292	 33.63624819
-98.11448973	 33.29459456
-98.63446054	 32.95239918
-99.15188304	 32.60967560
-99.66680403	 32.26643697
-100.17926946	 31.92269611
-100.68932443	 31.57846547
-101.19701320	 31.23375717
-101.70237926	 30.88858301
-102.20546529	 30.54295447
-102.70631322	 30.19688273
-103.20496422	 29.85037869
-103.70145873	 29.50345295
-104.19583651	 29.15611584
-104.68813659	 28.80837745
-105.17839735	 28.46024759
-105.66665647	 28.11173585
-106.15295104	 27.76285155
-106.63731748	 27.41360381
-107.11979162	 27.06400152
-107.60040866	 26.71405335
-108.07920325	 26.36376779
-108.55620946	 26.01315310
-109.03146079	 25.66221735
-109.50499020	 25.31096845
-109.97683014	 24.95941410
-110.44701252	 24.60756185
-110.91556876	 24.25541905
-111.38252977	 23.90299292
-111.84792601	 23.55029050
-112.31178743	 23.19731870
-112.77414356	 22.84408426
-113.23502345	 22.49059378
-113.69445575	 22.13685373
-114.15246866	 21.78287044
-114.60908997	 21.42865013
-115.06434706	 21.07419885
-115.51826692	 20.71952258
-115.97087617	 20.36462716
-116.42220102	 20.00951829
-116.87226734	 19.65420161
-117.32110063	 19.29868262
-117.76872603	 18.94296673
-118.21516837	 18.58705923
-118.66045212	 18.23096534
-119.10460143	 17.87469018
-119.54764013	 17.51823876
-119.98959175	 17.16161603
-120.43047951	 16.80482683
-120.87032633	 16.44787594
-121.30915487	 16.09076804
-121.74698748	 15.73350774
-122.18384623	 15.37609958
-122.61975296	 15.01854804
-123.05472921	 14.66085749
-123.48879630	 14.30303227
-123.92197527	 13.94507665
-124.35428693	 13.58699482
-124.78575188	 13.22879091
-125.21639044	 12.87046901
-125.64622274	 12.51203314
-126.07526869	 12.15348725
-126.50354798	 11.79483527
-126.93108007	 11.43608106
-127.35788426	 11.07722842
-127.78397962	 10.71828111
-128.20938505	 10.35924285
-128.63411922	 10.00011732
-129.05820068	  9.64090813
-129.48164774	  9.28161888
-129.90447857	  8.92225310
-130.32671117	  8.56281430
-130.74836336	  8.20330596
-131.16945281	  7.84373150
-131.58999703	  7.48409431
-132.01001338	  7.12439777
-132.42951906	  6.76464521
-132.84853115	  6.40483992
-133.26706656	  6.04498518
-133.68514208	  5.68508423
-134.10277437	  5.32514029
-134.51997995	  4.96515654
-134.93677521	  4.60513616
-135.35317644	  4.24508227
-135.76919979	  3.88499801
-136.18486130	  3.52488647
-136.60017690	  3.16475072
-137.01516240	  2.80459382
-137.42983353	  2.44441881
-137.84420590	  2.08422872
-138.25829501	  1.72402654
-138.67211628	  1.36381526
-139.08568503	  1.00359786
-139.49901649	  0.64337731
-139.91212580	  0.28315654
-140.32502802	 -0.07706150
-140.73773812	 -0.43727389
-141.15027100	 -0.79747772
-141.56264148	 -1.15767007
-141.97486429	 -1.51784805
-142.38695412	 -1.87800877
-142.79892555	 -2.23814934
-143.21079312	 -2.59826689
-143.62257131	 -2.95835855
-144.03427452	 -3.31842143
-144.44591710	 -3.67845269
-144.85751333	 -4.03844945
-145.26907745	 -4.39840886
-145.68062365	 -4.75832805
-146.09216604	 -5.11820416
-146.50371872	 -5.47803433
-146.91529571	 -5.83781571
-147.32691100	 -6.19754543
-147.73857855	 -6.55722061
-148.15031224	 -6.91683840
-148.56212596	 -7.27639591
-148.97403352	 -7.63589027
-149.38604873	 -7.99531860
-149.79818533	 -8.35467799
-150.21045707	 -8.71396556
-150.62287762	 -9.07317840
-151.03546068	 -9.43231359
-151.44821987	 -9.79136821
-151.86116881	-10.15033932
-152.27432111	-10.50922398
-152.68769032	-10.86801924
-153.10129001	-11.22672213
-153.51513371	-11.58532967
-153.92923492	-11.94383885
-154.34360716	-12.30224669
-154.75826389	-12.66055014
-155.17321860	-13.01874618
-155.58848474	-13.37683176
-156.00407577	-13.73480379
-156.42000510	-14.09265919
-156.83628619	-14.45039485
-157.25293243	-14.80800766
-157.66995726	-15.16549445
-158.08737408	-15.52285208
-158.50519630	-15.88007734
-158.92343731	-16.23716704
-159.34211051	-16.59411795
-159.76122931	-16.95092680
-160.18080709	-17.30759032
-160.60085726	-17.66410522
-161.02139320	-18.02046816
-161.44242832	-18.37667580
-161.86397601	-18.73272475
-162.28604967	-19.08861162
-162.70866272	-19.44433296
-163.13182854	-19.79988532
-163.55556056	-20.15526521
-163.97987218	-20.51046911
-164.40477683	-20.86549347
-164.83028793	-21.22033471
-165.25641889	-21.57498921
-165.68318316	-21.92945333
-166.11059416	-22.28372340
-166.53866534	-22.63779570
-166.96741013	-22.99166649
-167.39684199	-23.34533199
-167.82697435	-23.69878839
-168.25782068	-24.05203182
-168.68939443	-24.40505842
-169.12170905	-24.75786424
-169.55477799	-25.11044533
-169.98861473	-25.46279769
-170.42323271	-25.81491727
-170.85864538	-26.16680001
-171.29486620	-26.51844177
-171.73190862	-26.86983840
-172.16978607	-27.22098570
-172.60851200	-27.57187943
-173.04809981	-27.92251529
-173.48856294	-28.27288897
-173.92991478	-28.62299610
-174.37216872	-28.97283226
-174.81533813	-29.32239299
-175.25943637	-29.67167380
-175.70447675	-30.02067013
-176.15047260	-30.36937741
-176.59743719	-30.71779099
-177.04538376	-31.06590620
-177.49432553	-31.41371830
-177.94427569	-31.76122253
-178.39524736	-32.10841408
-178.84725365	-32.45528807
-179.30030760	-32.80183961
-179.75442220	-33.14806373
-180.20961038	-33.49395544
-180.66588503	-33.83950969
-181.12325894	-34.18472139
-181.58174486	-34.52958541
-182.04135543	-34.87409656
-182.50210323	-35.21824963
-182.96400075	-35.56203933
-183.42706036	-35.90546037
-183.89129436	-36.24850738
-184.35671492	-36.59117497
-184.82333409	-36.93345770
-185.29116380	-37.27535010
-185.76021585	-37.61684664
-186.23050189	-37.95794177
-186.70203342	-38.29862990
-187.17482179	-38.63890541
-187.64887817	-38.97876264
-188.12421354	-39.31819588
-188.60083870	-39.65719943
-189.07876426	-39.99576753
-189.55800058	-40.33389440
-190.03855782	-40.67157425
-190.52044590	-41.00880126
-191.00367448	-41.34556959
-191.48825294	-41.68187339
-191.97419040	-42.01770680
-192.46149566	-42.35306394
-192.95017723	-42.68793893
-193.44024328	-43.02232590
-193.93170162	-43.35621898
-194.42455972	-43.68961231
-194.91882464	-44.02250002
-195.41450306	-44.35487629
-195.91160121	-44.68673530
-196.41012489	-45.01807129
-196.91007943	-45.34887850
-197.41146966	-45.67915124
-197.91429991	-46.00888385
-198.41857395	-46.33807075
-198.92429500	-46.66670640
-199.43146567	-46.99478535
-199.94008795	-47.32230224
-200.45016318	-47.64925179
-200.96169202	-47.97562882
-201.47467440	-48.30142827
-201.98910950	-48.62664520
-202.50499573	-48.95127482
-203.02233065	-49.27531248
-203.54111099	-49.59875369
-204.06133255	-49.92159413
-204.58299020	-50.24382970
-205.10607781	-50.56545648
-205.63058825	-50.88647079
-206.15651327	-51.20686918
-206.68384351	-51.52664848
-207.21256842	-51.84580576
-207.74267623	-52.16433845
-208.27415386	-52.48224425
-208.80698688	-52.79952123
-209.34115946	-53.11616783
-209.87665426	-53.43218288
-210.41345243	-53.74756562
-210.95153348	-54.06231576
-211.49087523	-54.37643348
-212.03145372	-54.68991948
-212.57324315	-55.00277497
-213.11621578	-55.31500178
-213.66034182	-55.62660233
-214.20558937	-55.93757970
-214.75192429	-56.24793766
-215.29931011	-56.55768071
-215.84770791	-56.86681413
-216.39707621	-57.17534403
-216.94737084	-57.48327740
-217.49854479	-57.79062213
-218.05054811	-58.09738713
-218.60332773	-58.40358230
-219.15682730	-58.70921868
-219.71098704	-59.01430844
-220.26574357	-59.31886498
-220.82102968	-59.62290301
-221.37677418	-59.92643858
-221.93290163	-60.22948922
-222.48933217	-60.53207395
-223.04598121	-60.83421340
-223.60275922	-61.13592993
-224.15957142	-61.43724766
-224.71631747	-61.73819260
-225.27289118	-62.03879275
-225.82918011	-62.33907821
-226.38506522	-62.63908129
-226.94042046	-62.93883662
-227.49511234	-63.23838129
-228.04899941	-63.53775496
-228.60193179	-63.83700001
-229.15375058	-64.13616166
-229.70428728	-64.43528814
-230.25336307	-64.73443085
-230.80078818	-65.03364447
-231.34636101	-65.33298719
-231.88986734	-65.63252083
-232.43107936	-65.93231105
-232.96975465	-66.23242749
-233.50563508	-66.53294402
-234.03844556	-66.83393886
-234.56789270	-67.13549482
-235.09366330	-67.43769948
-235.61542278	-67.74064537
-236.13281329	-68.04443015
-236.64545184	-68.34915685
-237.15292800	-68.65493395
-237.65480156	-68.96187561
-238.15059982	-69.27010177
-238.63981462	-69.57973829
-239.12189906	-69.89091697
-239.59626385	-70.20377562
-240.06227321	-70.51845799
-240.51924038	-70.83511369
-240.96642255	-71.15389796
-241.40301521	-71.47497133
-241.82814585	-71.79849919
-242.24086688	-72.12465109
-242.64014771	-72.45359985
-243.02486577	-72.78552042
-243.39379651	-73.12058836
-243.74560203	-73.45897786
-244.07881823	-73.80085932
-244.39184025	-74.14639612
-244.68290605	-74.49574073
-244.95007765	-74.84902962
-245.19121992	-75.20637689
-245.40397664	-75.56786625
-245.58574346	-75.93354075
-245.73363787	-76.30338970
-245.84446627	-76.67733198
-245.91468900	-77.05519454
-245.94038506	-77.43668475
-245.91722011	-77.82135483
-245.84042415	-78.20855623
-245.70478952	-78.59738187
-245.50470706	-78.98659450
-245.23426677	-79.37454121
-244.88746023	-79.75905828
-244.45852976	-80.13737844
-243.94250578	-80.50606530
-243.33594192	-80.86101573
-242.63778176	-81.19758241
-241.85017350	-81.51085974
-240.97894310	-81.79613018
-240.03344519	-82.04938932
-239.02570565	-82.26780043
-237.96907310	-82.44993409
-236.87680013	-82.59573703
-235.76093803	-82.70628584
-234.63171680	-82.78344169
-233.49736960	-82.82951252
-232.36425513	-82.84698325
-231.23712648	-82.83832968
-230.11943925	-82.80590607
-229.01363943	-82.75188710
-227.92140673	-82.67824578
-226.84384871	-82.58675280
-225.78165044	-82.47898761
-224.73518756	-82.35635502
-223.70461053	-82.22010348
-222.68990708	-82.07134332
-221.69094825	-81.91106358
-220.70752232	-81.74014723
-219.73935985	-81.55938467
-218.78615208	-81.36948536
-217.84756449	-81.17108806
-216.92324683	-80.96476950
-216.01284046	-80.75105197
-215.11598377	-80.53040980
-214.23231611	-80.30327494
-213.36148065	-80.07004182
-212.50312646	-79.83107148
-211.65690993	-79.58669525
-210.82249574	-79.33721786
-209.99955755	-79.08292021
-209.18777838	-78.82406178
-208.38685080	-78.56088271
-207.59647700	-78.29360568
-206.81636873	-78.02243758
-206.04624719	-77.74757088
-205.28584287	-77.46918499
-204.53489527	-77.18744738
-203.79315273	-76.90251460
-203.06037210	-76.61453321
-202.33631851	-76.32364058
-201.62076507	-76.02996564
-200.91349258	-75.73362954
-200.21428927	-75.43474628
-199.52295051	-75.13342320
-198.83927854	-74.82976152
-198.16308222	-74.52385675
-197.49417675	-74.21579915
-196.83238345	-73.90567405
-196.17752950	-73.59356221
-195.52944772	-73.27954014
-194.88797635	-72.96368038
-194.25295882	-72.64605176
-193.62424357	-72.32671963
-193.00168386	-72.00574610
-192.38513753	-71.68319025
-191.77446689	-71.35910828
-191.16953850	-71.03355373
-190.57022302	-70.70657761
-189.97639505	-70.37822859
-189.38793300	-70.04855307
-188.80471890	-69.71759539
-188.22663832	-69.38539787
-187.65358019	-69.05200101
-187.08543669	-68.71744351
-186.52210314	-68.38176241
-185.96347788	-68.04499318
-185.40946213	-67.70716981
-184.85995995	-67.36832484
-184.31487806	-67.02848952
-183.77412579	-66.68769380
-183.23761498	-66.34596644
-182.70525991	-66.00333504
-182.17697715	-65.65982614
-181.65268555	-65.31546523
-181.13230613	-64.97027682
-180.61576200	-64.62428450
-180.10297829	-64.27751096
-179.59388211	-63.92997805
-179.08840244	-63.58170681
-178.58647009	-63.23271751
-178.08801762	-62.88302970
-177.59297933	-62.53266221
-177.10129114	-62.18163322
-176.61289058	-61.82996026
-176.12771673	-61.47766025
-175.64571013	-61.12474955
-175.16681280	-60.77124394
-174.69096815	-60.41715866
-174.21812095	-60.06250846
-173.74821726	-59.70730760
-173.28120442	-59.35156985
-172.81703103	-58.99530856
-172.35564684	-58.63853663
-171.89700279	-58.28126656
-171.44105091	-57.92351044
-170.98774435	-57.56527999
-170.53703729	-57.20658657
-170.08888494	-56.84744119
-169.64324351	-56.48785450
-169.20007015	-56.12783686
-168.75932298	-55.76739829
-168.32096099	-55.40654854
-167.88494407	-55.04529705
-167.45123296	-54.68365299
-167.01978925	-54.32162527
-166.59057529	-53.95922254
-166.16355427	-53.59645320
-165.73869010	-53.23332541
-165.31594744	-52.86984712
-164.89529169	-52.50602602
-164.47668893	-52.14186964
-164.06010592	-51.77738526
-163.64551008	-51.41257998
-163.23286950	-51.04746071
-162.82215286	-50.68203417
-162.41332947	-50.31630692
-162.00636922	-49.95028531
-161.60124260	-49.58397556
-161.19792065	-49.21738372
-160.79637494	-48.85051568
-160.39657759	-48.48337717
-159.99850124	-48.11597381
-159.60211903	-47.74831103
-159.20740460	-47.38039418
-158.81433205	-47.01222843
-158.42287597	-46.64381885
-158.03301140	-46.27517038
-157.64471380	-45.90628785
-157.25795910	-45.53717596
-156.87272363	-45.16783931
-156.48898414	-44.79828239
-156.10671776	-44.42850958
-155.72590205	-44.05852516
-155.34651491	-43.68833332
-154.96853464	-43.31793814
-154.59193990	-42.94734363
-154.21670970	-42.57655370
-153.84282339	-42.20557216
-153.47026066	-41.83440275
-153.09900153	-41.46304912
-152.72902636	-41.09151486
-152.36031580	-40.71980346
-151.99285081	-40.34791835
-151.62661266	-39.97586288
-151.26158290	-39.60364033
-150.89774339	-39.23125392
-150.53507623	-38.85870679
-150.17356382	-38.48600203
-149.81318882	-38.11314266
-149.45393416	-37.74013164
-149.09578301	-37.36697187
-148.73871879	-36.99366620
-148.38272516	-36.62021741
-148.02778603	-36.24662823
-147.67388554	-35.87290135
-147.32100804	-35.49903940
-146.96913813	-35.12504496
-146.61826059	-34.75092056
-146.26836045	-34.37666868
-145.91942291	-34.00229176
-145.57143341	-33.62779220
-145.22437757	-33.25317235
-144.87824119	-32.87843451
-144.53301029	-32.50358096
-144.18867104	-32.12861392
-143.84520983	-31.75353557
-143.50261320	-31.37834808
-143.16086787	-31.00305354
-142.81996074	-30.62765405
-142.47987886	-30.25215164
-142.14060945	-29.87654832
-141.80213990	-29.50084607
-141.46445774	-29.12504683
-141.12755066	-28.74915251
-140.79140649	-28.37316500
-140.45601322	-27.99708614
-140.12135898	-27.62091775
-139.78743204	-27.24466163
-139.45422079	-26.86831956
-139.12171378	-26.49189325
-138.78989968	-26.11538444
-138.45876727	-25.73879480
-138.12830550	-25.36212600
-137.79850339	-24.98537968
-137.46935013	-24.60855745
-137.14083499	-24.23166091
-136.81294737	-23.85469162
-136.48567680	-23.47765113
-136.15901289	-23.10054097
-135.83294538	-22.72336265
-135.50746411	-22.34611764
-135.18255901	-21.96880742
-134.85822015	-21.59143344
-134.53443765	-21.21399711
-134.21120177	-20.83649985
-133.88850283	-20.45894306
-133.56633128	-20.08132810
-133.24467764	-19.70365634
-132.92353251	-19.32592912
-132.60288660	-18.94814776
-132.28273070	-18.57031357
-131.96305567	-18.19242785
-131.64385247	-17.81449187
-131.32511213	-17.43650691
-131.00682576	-17.05847422
-130.68898455	-16.68039503
-130.37157977	-16.30227057
-130.05460275	-15.92410205
-129.73804491	-15.54589067
-129.42189772	-15.16763761
-129.10615275	-14.78934406
-128.79080160	-14.41101118
-128.47583596	-14.03264012
-128.16124759	-13.65423202
-127.84702829	-13.27578801
-127.53316994	-12.89730922
-127.21966448	-12.51879675
-126.90650389	-12.14025171
-126.59368024	-11.76167519
-126.28118564	-11.38306826
-125.96901224	-11.00443201
-125.65715227	-10.62576750
-125.34559800	-10.24707579
-125.03434175	 -9.86835791
-124.72337590	 -9.48961493
-124.41269287	 -9.11084786
-124.10228513	 -8.73205773
-123.79214520	 -8.35324557
-123.48226565	 -7.97441238
-123.17263908	 -7.59555917
-122.86325815	 -7.21668694
-122.55411555	 -6.83779668
-122.24520402	 -6.45888937
-121.93651633	 -6.07996600
-121.62804531	 -5.70102755
-121.31978381	 -5.32207497
-121.01172472	 -4.94310924
-120.70386096	 -4.56413132
-120.39618551	 -4.18514216
-120.08869137	 -3.80614271
-119.78137156	 -3.42713392
-119.47421915	 -3.04811673
-119.16722724	 -2.66909208
-118.86038895	 -2.29006090
-118.55369745	 -1.91102412
-118.24714592	 -1.53198268
-117.94072758	 -1.15293749
-117.63443566	 -0.77388947
-117.32826344	 -0.39483955
-117.02220421	 -0.01578865
-116.71625130	  0.36326234
-116.41039803	  0.74231249
-116.10463779	  1.12136090
-115.79896396	  1.50040666
-115.49336994	  1.87944886
-115.18784918	  2.25848660
-114.88239511	  2.63751898
-114.57700122	  3.01654511
-114.27166099	  3.39556407
-113.96636792	  3.77457497
-113.66111555	  4.15357691
-113.35589741	  4.53256899
-113.05070705	  4.91155033
-112.74553805	  5.29052002
-112.44038398	  5.66947716
-112.13523846	  6.04842086
-111.83009508	  6.42735023
-111.52494748	  6.80626436
-111.21978927	  7.18516236
-110.91461412	  7.56404333
-110.60941567	  7.94290638
-110.30418758	  8.32175059
-109.99892353	  8.70057508
-109.69361720	  9.07937894
-109.38826227	  9.45816127
-109.08285245	  9.83692116
-108.77738142	 10.21565771
-108.47184289	 10.59437000
-108.16623058	 10.97305713
-107.86053820	 11.35171818
-107.55475947	 11.73035224
-107.24888810	 12.10895840
-106.94291782	 12.48753573
-106.63684235	 12.86608330
-106.33065542	 13.24460021
-106.02435076	 13.62308550
-105.71792209	 14.00153826
-105.41136314	 14.37995755
-105.10466762	 14.75834242
-104.79782926	 15.13669194
-104.49084179	 15.51500516
-104.18369891	 15.89328113
-103.87639434	 16.27151890
-103.56892179	 16.64971749
-103.26127495	 17.02787596
-102.95344754	 17.40599334
-102.64543323	 17.78406864
-102.33722572	 18.16210090
-102.02881868	 18.54008913
-101.72020578	 18.91803233
-101.41138070	 19.29592953
-101.10233707	 19.67377971
-100.79306855	 20.05158188
-100.48356876	 20.42933501
-100.17383135	 20.80703810
-99.86384991	 21.18469013
-99.55361805	 21.56229005
-99.24312936	 21.93983683
-98.93237742	 22.31732944
-98.62135579	 22.69476682
-98.31005803	 23.07214791
-97.99847767	 23.44947164
-97.68660824	 23.82673695
-97.37444324	 24.20394276
-97.06197617	 24.58108797
-96.74920049	 24.95817149
-96.43610968	 25.33519222
-96.12269718	 25.71214905
-95.80895640	 26.08904085
-95.49488077	 26.46586648
-95.18046365	 26.84262483
-94.86569844	 27.21931473
-94.55057847	 27.59593502
-94.23509708	 27.97248455
-93.91924758	 28.34896213
-93.60302326	 28.72536658
-93.28641738	 29.10169670
-92.96942319	 29.47795128
-92.65203392	 29.85412911
-92.33424277	 30.23022895
-92.01604292	 30.60624957
-91.69742752	 30.98218972
-91.37838970	 31.35804813
-91.05892258	 31.73382353
-90.73901923	 32.10951464
-90.41867271	 32.48512015
-90.09787605	 32.86063876
-89.77662226	 33.23606915
-89.45490432	 33.61140997
-89.13271518	 33.98665989
-88.81004776	 34.36181754
-88.48689497	 34.73688154
-88.16324968	 35.11185051
-87.83910473	 35.48672305
-87.51445292	 35.86149774
-87.18928706	 36.23617314
-86.86359989	 36.61074783
-86.53738414	 36.98522032
-86.21063252	 37.35958916
-85.88333768	 37.73385284
-85.55549226	 38.10800987
-85.22708888	 38.48205872
-84.89812010	 38.85599786
-84.56857848	 39.22982573
-84.23845653	 39.60354075
-83.90774673	 39.97714136
-83.57644153	 40.35062593
-83.24453336	 40.72399284
-82.91201460	 41.09724047
-82.57887761	 41.47036715
-82.24511472	 41.84337120
-81.91071822	 42.21625093
-81.57568036	 42.58900464
-81.23999339	 42.96163058
-80.90364949	 43.33412701
-80.56664084	 43.70649217
-80.22895955	 44.07872425
-79.89059775	 44.45082144
-79.55154749	 44.82278193
-79.21180081	 45.19460386
-78.87134972	 45.56628536
-78.53018620	 45.93782453
-78.18830218	 46.30921947
-77.84568959	 46.68046823
-77.50234031	 47.05156886
-77.15824618	 47.42251939
-76.81339903	 47.79331780
-76.46779066	 48.16396208
-76.12141283	 48.53445017
-75.77425727	 48.90478001
-75.42631570	 49.27494951
-75.07757980	 49.64495654
-74.72804122	 50.01479897
-74.37769160	 50.38447462
-74.02652253	 50.75398131
-73.67452561	 51.12331683
-73.32169238	 51.49247893
-72.96801438	 51.86146535
-72.61348314	 52.23027380
-72.25809014	 52.59890196
-71.90182686	 52.96734750
-71.54468476	 53.33560804
-71.18665528	 53.70368119
-70.82772985	 54.07156453
-70.46789989	 54.43925563
-70.10715679	 54.80675199
-69.74549196	 55.17405113
-69.38289678	 55.54115052
-69.01936263	 55.90804761
-68.65488089	 56.27473981
-68.28944293	 56.64122453
-67.92304012	 57.00749912
-67.55566385	 57.37356093
-67.18730549	 57.73940726
-66.81795645	 58.10503541
-66.44760811	 58.47044263
-66.07625191	 58.83562615
-65.70387928	 59.20058318
-65.33048166	 59.56531089
-64.95605054	 59.92980644
-64.58057742	 60.29406695
-64.20405385	 60.65808952
-63.82647139	 61.02187122
-63.44782166	 61.38540910
-63.06809631	 61.74870018
-62.68728705	 62.11174146
-62.30538564	 62.47452991
-61.92238389	 62.83706249
-61.53827369	 63.19933611
-61.15304699	 63.56134769
-60.76669582	 63.92309411
-60.37921228	 64.28457222
-59.99058857	 64.64577887
-59.60081698	 65.00671088
-59.20988991	 65.36736505
-58.81779986	 65.72773817
-58.42453944	 66.08782701
-58.03010142	 66.44762832
-57.63447865	 66.80713885
-57.23766418	 67.16635532
-56.83965116	 67.52527446
-56.44043294	 67.88389297
-56.04000303	 68.24220756
-55.63835512	 68.60021493
-55.23548308	 68.95791176
-54.83138101	 69.31529476
-54.42604322	 69.67236063
-54.01946425	 70.02910605
-53.61163886	 70.38552774
-53.20256212	 70.74162242
-52.79222931	 71.09738681
-52.38063605	 71.45281765
-51.96777823	 71.80791172
-51.55365207	 72.16266580
-51.13825414	 72.51707671
-50.72158133	 72.87114129
-50.30363093	 73.22485642
